0	0.000418906	7.07469e-05	-3.76526e-05	0.000184849	-3.21993e-06	
0	7.07469e-05	1.6295e-05	-2.82e-06	2.73357e-06	-2.58473e-08	
0	-3.76526e-05	-2.82e-06	4.60728e-05	-1.79855e-05	-5.98801e-06	
0	0.000184849	2.73357e-06	-1.79855e-05	0.0171973	-0.00038955	
0	-3.21993e-06	-2.58473e-08	-5.98801e-06	-0.00038955	2.30025e-05	
1	0.006565	0.00127206	-0.000443598	-0.00133564	-4.49305e-05	
1	0.00127206	0.0002869	-0.00010754	-0.000207465	-1.91865e-05	
1	-0.000443598	-0.00010754	0.00690587	-0.00635925	0.00158336	
1	-0.00133564	-0.000207465	-0.00635925	0.026682	-0.00216859	
1	-4.49305e-05	-1.91865e-05	0.00158336	-0.00216859	0.000437527	
2	0.000399719	6.15719e-05	-3.93164e-05	0.000357683	-6.62515e-06	
2	6.15719e-05	1.26959e-05	-2.76375e-06	1.38306e-05	-3.03898e-07	
2	-3.93164e-05	-2.76375e-06	4.17519e-05	-0.000105165	5.97187e-06	
2	0.000357683	1.38306e-05	-0.000105165	0.0148351	-0.000338914	
2	-6.62515e-06	-3.03898e-07	5.97187e-06	-0.000338914	1.88966e-05	
3	0.0248846	0.00493085	-0.00511377	-0.0096161	0.000766667	
3	0.00493085	0.00112205	-0.00164684	-0.00241275	0.000266422	
3	-0.00511377	-0.00164684	0.108553	0.08725	-0.0182341	
3	-0.0096161	-0.00241275	0.08725	0.111899	-0.0156759	
3	0.000766667	0.000266422	-0.0182341	-0.0156759	0.0032013	
4	0.000250441	3.55816e-05	-3.23585e-05	0.000275478	-4.75821e-06	
4	3.55816e-05	7.12376e-06	-2.1531e-06	1.25163e-05	-2.48438e-07	
4	-3.23585e-05	-2.1531e-06	2.89398e-05	-9.61779e-05	5.72374e-06	
4	0.000275478	1.25163e-05	-9.61779e-05	0.0131028	-0.000284368	
4	-4.75821e-06	-2.48438e-07	5.72374e-06	-0.000284368	1.33393e-05	
5	0.000330422	4.92734e-05	-3.81418e-05	0.000452285	-7.81526e-06	
5	4.92734e-05	1.02863e-05	-2.61494e-06	2.14311e-05	-2.16882e-07	
5	-3.81418e-05	-2.61494e-06	4.03967e-05	-7.18083e-05	-6.62617e-06	
5	0.000452285	2.14311e-05	-7.18083e-05	0.0154999	-0.000351879	
5	-7.81526e-06	-2.16882e-07	-6.62617e-06	-0.000351879	1.85269e-05	
6	0.000637494	0.000149113	-6.27352e-05	0.000386564	-8.42795e-06	
6	0.000149113	4.16425e-05	-5.97169e-06	2.50082e-06	-3.81271e-07	
6	-6.27352e-05	-5.97169e-06	0.000155394	-0.00013906	1.40808e-05	
6	0.000386564	2.50082e-06	-0.00013906	0.01665	-0.000475915	
6	-8.42795e-06	-3.81271e-07	1.40808e-05	-0.000475915	5.59811e-05	
7	0.000485784	7.59416e-05	-4.70108e-05	0.000250156	-6.22704e-06	
7	7.59416e-05	1.5721e-05	-3.77494e-06	9.15905e-06	-6.35704e-07	
7	-4.70108e-05	-3.77494e-06	8.57739e-05	-0.000209148	3.37582e-05	
7	0.000250156	9.15905e-06	-0.000209148	0.0196394	-0.000491264	
7	-6.22704e-06	-6.35704e-07	3.37582e-05	-0.000491264	3.50174e-05	
8	0.000489151	8.30295e-05	-3.76554e-05	0.000283822	-5.18015e-06	
8	8.30295e-05	1.81739e-05	-3.02786e-06	1.38021e-05	-3.17065e-07	
8	-3.76554e-05	-3.02786e-06	5.5297e-05	-0.000107828	1.22933e-05	
8	0.000283822	1.38021e-05	-0.000107828	0.0137273	-0.000338077	
8	-5.18015e-06	-3.17065e-07	1.22933e-05	-0.000338077	2.42266e-05	
9	0.0027431	0.000525976	-0.000128134	0.000651867	-2.0489e-05	
9	0.000525976	0.000118739	-2.29714e-05	8.03095e-05	-5.1606e-06	
9	-0.000128134	-2.29714e-05	0.00116418	-0.00169914	0.00036148	
9	0.000651867	8.03095e-05	-0.00169914	0.0196609	-0.000970358	
9	-2.0489e-05	-5.1606e-06	0.00036148	-0.000970358	0.000154899	
10	0.000270717	2.44086e-05	-0.000104328	0.000791674	-1.12884e-05	
10	2.44086e-05	3.73529e-06	-1.65184e-05	-3.01104e-05	8.54482e-07	
10	-0.000104328	-1.65184e-05	0.000363045	0.000459624	-2.44576e-05	
10	0.000791674	-3.01104e-05	0.000459624	0.0458679	-0.00082272	
10	-1.12884e-05	8.54482e-07	-2.44576e-05	-0.00082272	1.99227e-05	
11	0.00102683	0.000181106	-7.01927e-05	0.000655919	-7.01381e-06	
11	0.000181106	3.96267e-05	-7.41845e-06	3.86545e-05	7.39768e-07	
11	-7.01927e-05	-7.41845e-06	0.000247368	0.000241316	-8.31775e-05	
11	0.000655919	3.86545e-05	0.000241316	0.0169079	-0.000534762	
11	-7.01381e-06	7.39768e-07	-8.31775e-05	-0.000534762	5.89922e-05	
12	0.00823793	0.0015051	-0.000954262	0.00346931	-3.04727e-06	
12	0.0015051	0.000358934	-0.000195343	-0.000423192	3.21134e-05	
12	-0.000954262	-0.000195343	0.0119186	0.0111238	-0.00270278	
12	0.00346931	-0.000423192	0.0111238	0.132681	-0.00500374	
12	-3.04727e-06	3.21134e-05	-0.00270278	-0.00500374	0.000711292	
13	0.0074115	0.00147694	-0.000403136	-0.00104865	5.71996e-05	
13	0.00147694	0.000341193	-9.97298e-05	-0.000288936	2.0634e-05	
13	-0.000403136	-9.97298e-05	0.00586921	0.00667999	-0.00142861	
13	-0.00104865	-0.000288936	0.00667999	0.0257432	-0.00216784	
13	5.71996e-05	2.0634e-05	-0.00142861	-0.00216784	0.000423895	
14	0.000661064	0.000111595	-5.21287e-05	0.000360681	-9.7049e-06	
14	0.000111595	2.38241e-05	-4.89409e-06	8.68489e-06	-1.02511e-06	
14	-5.21287e-05	-4.89409e-06	0.000140379	-0.000335517	5.39488e-05	
14	0.000360681	8.68489e-06	-0.000335517	0.0178108	-0.000494006	
14	-9.7049e-06	-1.02511e-06	5.39488e-05	-0.000494006	4.33965e-05	
15	0.000730389	0.000124225	-5.29702e-05	0.000368919	-4.97888e-06	
15	0.000124225	2.65573e-05	-4.61475e-06	1.78799e-05	1.87558e-07	
15	-5.29702e-05	-4.61475e-06	0.000106967	6.00141e-05	-3.00759e-05	
15	0.000368919	1.78799e-05	6.00141e-05	0.018356	-0.000474245	
15	-4.97888e-06	1.87558e-07	-3.00759e-05	-0.000474245	3.72535e-05	
16	0.00270689	0.000514527	-0.000120988	-0.000280563	-1.19846e-05	
16	0.000514527	0.000113871	-2.29548e-05	-4.4721e-05	-4.81469e-06	
16	-0.000120988	-2.29548e-05	0.00124471	-0.00163631	0.000379052	
16	-0.000280563	-4.4721e-05	-0.00163631	0.0166046	-0.000922628	
16	-1.19846e-05	-4.81469e-06	0.000379052	-0.000922628	0.000157816	
17	0.000680432	0.000104918	-7.30419e-05	0.000906703	-2.17827e-05	
17	0.000104918	2.15931e-05	-6.0711e-06	3.83883e-05	-1.92089e-06	
17	-7.30419e-05	-6.0711e-06	0.000154668	-0.000601391	8.07036e-05	
17	0.000906703	3.83883e-05	-0.000601391	0.0301474	-0.000850907	
17	-2.17827e-05	-1.92089e-06	8.07036e-05	-0.000850907	7.69401e-05	
18	0.000223307	2.82493e-05	-3.41095e-05	4.5088e-05	-7.88948e-07	
18	2.82493e-05	5.41413e-06	-2.09873e-06	1.74272e-06	-5.28665e-08	
18	-3.41095e-05	-2.09873e-06	2.47313e-05	-2.21786e-05	2.98498e-06	
18	4.5088e-05	1.74272e-06	-2.21786e-05	0.0182616	-0.000379978	
18	-7.88948e-07	-5.28665e-08	2.98498e-06	-0.000379978	1.34138e-05	
19	0.0012445	0.000228453	-7.5571e-05	0.000796935	-7.84394e-06	
19	0.000228453	5.31777e-05	-8.3292e-06	5.81134e-05	9.24085e-07	
19	-7.5571e-05	-8.3292e-06	0.000314918	0.000321501	-0.000107902	
19	0.000796935	5.81134e-05	0.000321501	0.0214228	-0.000666334	
19	-7.84394e-06	9.24085e-07	-0.000107902	-0.000666334	7.5388e-05	
20	0.00149277	0.000274525	-8.53518e-05	0.000101254	8.93691e-06	
20	0.000274525	5.97361e-05	-1.34537e-05	7.33556e-06	3.21362e-06	
20	-8.53518e-05	-1.34537e-05	0.00064671	0.00103764	-0.000227442	
20	0.000101254	7.33556e-06	0.00103764	0.016926	-0.000742586	
20	8.93691e-06	3.21362e-06	-0.000227442	-0.000742586	0.000109286	
21	0.00358905	0.000661511	-0.000218842	-0.00136416	5.45941e-05	
21	0.000661511	0.000143409	-4.32576e-05	-8.62141e-05	1.10741e-05	
21	-0.000218842	-4.32576e-05	0.00246562	0.00355636	-0.000695084	
21	-0.00136416	-8.62141e-05	0.00355636	0.0374256	-0.00162609	
21	5.45941e-05	1.10741e-05	-0.000695084	-0.00162609	0.000237124	
22	0.00476712	0.000860889	-0.000205501	0.00244328	-3.25479e-05	
22	0.000860889	0.000186874	-2.36146e-05	0.000116543	1.39924e-06	
22	-0.000205501	-2.36146e-05	0.000859311	0.000602505	-0.000231901	
22	0.00244328	0.000116543	0.000602505	0.0423281	-0.00157711	
22	-3.25479e-05	1.39924e-06	-0.000231901	-0.00157711	0.00021367	
23	0.0917395	0.0175157	-0.0493804	-0.0630378	-0.0051108	
23	0.0175157	0.00390466	-0.0173293	-0.00654601	-0.00222142	
23	-0.0493804	-0.0173293	1.4389	-0.747745	0.195346	
23	-0.0630378	-0.00654601	-0.747745	0.878866	-0.13057	
23	-0.0051108	-0.00222142	0.195346	-0.13057	0.0290962	
24	0.000160202	1.97534e-05	-2.58369e-05	5.43933e-05	-1.25189e-06	
24	1.97534e-05	3.81375e-06	-1.63373e-06	-2.00246e-07	-5.25821e-08	
24	-2.58369e-05	-1.63373e-06	1.88567e-05	-1.2744e-05	2.386e-06	
24	5.43933e-05	-2.00246e-07	-1.2744e-05	0.0130356	-0.000270302	
24	-1.25189e-06	-5.25821e-08	2.386e-06	-0.000270302	1.00171e-05	
25	0.00106004	0.000189681	-5.60332e-05	0.000366054	-7.47786e-06	
25	0.000189681	4.13683e-05	-5.15371e-06	1.07002e-05	-4.45119e-07	
25	-5.60332e-05	-5.15371e-06	0.000115363	-0.000151076	1.72179e-05	
25	0.000366054	1.07002e-05	-0.000151076	0.0157073	-0.000473333	
25	-7.47786e-06	-4.45119e-07	1.72179e-05	-0.000473333	4.87011e-05	
26	0.00169069	0.000303316	-9.84002e-05	0.000506588	-1.60252e-05	
26	0.000303316	6.53042e-05	-1.25926e-05	2.59289e-05	-2.73812e-06	
26	-9.84002e-05	-1.25926e-05	0.000505978	-0.000902622	0.000171386	
26	0.000506588	2.59289e-05	-0.000902622	0.0198155	-0.000722	
26	-1.60252e-05	-2.73812e-06	0.000171386	-0.000722	9.15223e-05	
27	0.000740338	0.000169484	-6.56341e-05	-0.000530168	-5.5709e-06	
27	0.000169484	4.35383e-05	-9.83644e-06	-0.000159639	-1.68465e-06	
27	-6.56341e-05	-9.83644e-06	0.000540572	-0.000570566	0.000171124	
27	-0.000530168	-0.000159639	-0.000570566	0.0156826	-0.000539176	
27	-5.5709e-06	-1.68465e-06	0.000171124	-0.000539176	8.20284e-05	
28	0.00730158	0.00138699	-0.000563507	7.02024e-05	-8.28329e-05	
28	0.00138699	0.000306461	-0.000130984	-8.99508e-05	-2.45871e-05	
28	-0.000563507	-0.000130984	0.0082733	-0.00833018	0.00184384	
28	7.02024e-05	-8.99508e-05	-0.00833018	0.0364447	-0.00260106	
28	-8.28329e-05	-2.45871e-05	0.00184384	-0.00260106	0.00048416	
29	0.000449575	7.64882e-05	-3.571e-05	0.000166935	-2.90419e-06	
29	7.64882e-05	1.68463e-05	-2.80173e-06	3.51363e-06	-2.39501e-08	
29	-3.571e-05	-2.80173e-06	4.72658e-05	-1.21735e-05	-5.02562e-06	
29	0.000166935	3.51363e-06	-1.21735e-05	0.0139381	-0.000336375	
29	-2.90419e-06	-2.39501e-08	-5.02562e-06	-0.000336375	2.25104e-05	
30	0.00392823	0.00069617	-0.000376877	-0.00608752	4.54798e-05	
30	0.00069617	0.000155021	-6.93518e-05	-0.000453394	-1.15892e-05	
30	-0.000376877	-6.93518e-05	0.00425532	-0.00400343	0.0012489	
30	-0.00608752	-0.000453394	-0.00400343	0.103058	-0.00344557	
30	4.54798e-05	-1.15892e-05	0.0012489	-0.00344557	0.000453369	
31	0.00118779	0.000192114	-9.51096e-05	0.00122047	-2.07642e-05	
31	0.000192114	4.03667e-05	-7.39958e-06	4.9984e-05	-4.14339e-07	
31	-9.51096e-05	-7.39958e-06	0.000153827	-0.000112376	-3.58358e-05	
31	0.00122047	4.9984e-05	-0.000112376	0.0364425	-0.000855895	
31	-2.07642e-05	-4.14339e-07	-3.58358e-05	-0.000855895	5.55332e-05	
32	0.000521665	8.62825e-05	-4.16052e-05	0.000388513	-6.43612e-06	
32	8.62825e-05	1.84847e-05	-3.2178e-06	1.65882e-05	-1.33415e-07	
32	-4.16052e-05	-3.2178e-06	5.68727e-05	-4.73294e-05	-7.31446e-06	
32	0.000388513	1.65882e-05	-4.73294e-05	0.0154034	-0.000373917	
32	-6.43612e-06	-1.33415e-07	-7.31446e-06	-0.000373917	2.53659e-05	
33	0.127944	0.0237679	-0.0647768	-0.0324631	-0.00627619	
33	0.0237679	0.00507156	-0.0228482	0.00113922	-0.00249104	
33	-0.0647768	-0.0228482	1.70073	-0.837334	0.191331	
33	-0.0324631	0.00113922	-0.837334	0.753531	-0.112346	
33	-0.00627619	-0.00249104	0.191331	-0.112346	0.0229865	
34	0.000338531	5.23869e-05	-3.44172e-05	0.000375235	-7.29992e-06	
34	5.23869e-05	1.08841e-05	-2.45556e-06	1.64026e-05	-3.66338e-07	
34	-3.44172e-05	-2.45556e-06	3.71613e-05	-0.000116902	7.5388e-06	
34	0.000375235	1.64026e-05	-0.000116902	0.0128175	-0.000297859	
34	-7.29992e-06	-3.66338e-07	7.5388e-06	-0.000297859	1.68341e-05	
35	0.00320157	0.000605242	-0.000184262	-0.000542609	-1.98424e-05	
35	0.000605242	0.000132478	-4.20406e-05	-4.51635e-05	-9.2275e-06	
35	-0.000184262	-4.20406e-05	0.00250928	-0.00309553	0.000712837	
35	-0.000542609	-4.51635e-05	-0.00309553	0.0217715	-0.00135382	
35	-1.98424e-05	-9.2275e-06	0.000712837	-0.00135382	0.000241448	
36	0.000668384	0.000149411	-4.4909e-05	1.99947e-05	2.00251e-06	
36	0.000149411	6.00728e-05	-4.16007e-06	2.49234e-05	4.10172e-07	
36	-4.4909e-05	-4.16007e-06	0.000133785	0.000107665	-4.23834e-05	
36	1.99947e-05	2.49234e-05	0.000107665	0.0176711	-0.000480634	
36	2.00251e-06	4.10172e-07	-4.23834e-05	-0.000480634	7.31586e-05	
37	0.000769063	0.000118862	-7.32211e-05	0.00122835	-2.12143e-05	
37	0.000118862	2.44805e-05	-5.48708e-06	5.39545e-05	-5.43788e-07	
37	-7.32211e-05	-5.48708e-06	0.000110589	-0.0001562	-2.68719e-05	
37	0.00122835	5.39545e-05	-0.0001562	0.0300467	-0.000679639	
37	-2.12143e-05	-5.43788e-07	-2.68719e-05	-0.000679639	3.94562e-05	
38	0.00020607	2.62779e-05	-3.2154e-05	0.000406082	-7.24816e-06	
38	2.62779e-05	5.0995e-06	-2.00244e-06	1.71596e-05	-2.63962e-07	
38	-3.2154e-05	-2.00244e-06	2.30434e-05	-8.96202e-05	-3.29466e-07	
38	0.000406082	1.71596e-05	-8.96202e-05	0.0142676	-0.000298254	
38	-7.24816e-06	-2.63962e-07	-3.29466e-07	-0.000298254	1.1255e-05	
39	0.000681372	0.000114072	-4.98092e-05	0.000589119	-1.02555e-05	
39	0.000114072	2.42368e-05	-3.96055e-06	2.25362e-05	-2.66997e-07	
39	-4.98092e-05	-3.96055e-06	7.32185e-05	-8.61716e-05	-9.37554e-06	
39	0.000589119	2.25362e-05	-8.61716e-05	0.0156536	-0.000400938	
39	-1.02555e-05	-2.66997e-07	-9.37554e-06	-0.000400938	3.07593e-05	
40	0.000561409	9.14394e-05	-7.45728e-05	0.000246456	-9.19805e-07	
40	9.14394e-05	1.90302e-05	-6.60264e-06	6.39478e-08	9.00013e-07	
40	-7.45728e-05	-6.60264e-06	0.000147763	0.000275042	-6.92477e-05	
40	0.000246456	6.39478e-08	0.000275042	0.0142882	-0.000587655	
40	-9.19805e-07	9.00013e-07	-6.92477e-05	-0.000587655	7.83323e-05	
41	0.00097377	0.000167776	-6.22435e-05	0.000638482	-1.26106e-05	
41	0.000167776	3.57623e-05	-5.35843e-06	2.78997e-05	-8.40436e-07	
41	-6.22435e-05	-5.35843e-06	0.000114455	-0.000268984	2.85017e-05	
41	0.000638482	2.78997e-05	-0.000268984	0.0180485	-0.00049688	
41	-1.26106e-05	-8.40436e-07	2.85017e-05	-0.00049688	4.39161e-05	
42	0.00065423	0.000124038	-4.72793e-05	0.000418527	-6.96847e-06	
42	0.000124038	3.15341e-05	-4.48837e-06	4.06929e-05	-7.36942e-07	
42	-4.72793e-05	-4.48837e-06	0.000123718	-0.000243191	4.48902e-05	
42	0.000418527	4.06929e-05	-0.000243191	0.0148643	-0.000412617	
42	-6.96847e-06	-7.36942e-07	4.48902e-05	-0.000412617	4.21492e-05	
43	0.000640255	0.000106609	-5.12419e-05	0.000507109	-9.49008e-06	
43	0.000106609	2.28413e-05	-3.9547e-06	2.02728e-05	-4.3356e-07	
43	-5.12419e-05	-3.9547e-06	6.74026e-05	-0.000138999	6.09325e-06	
43	0.000507109	2.02728e-05	-0.000138999	0.0175264	-0.000429253	
43	-9.49008e-06	-4.3356e-07	6.09325e-06	-0.000429253	3.00678e-05	
44	0.00478667	0.000897457	-0.000319905	0.000805264	2.45813e-05	
44	0.000897457	0.000196168	-7.20793e-05	-4.59663e-05	1.45743e-05	
44	-0.000319905	-7.20793e-05	0.00427234	0.00479523	-0.00108668	
44	0.000805264	-4.59663e-05	0.00479523	0.0286062	-0.00183632	
44	2.45813e-05	1.45743e-05	-0.00108668	-0.00183632	0.000325102	
45	0.00610966	0.00116489	-0.000418796	-0.000302666	5.48077e-05	
45	0.00116489	0.000258506	-0.000102887	-0.000178846	2.13174e-05	
45	-0.000418796	-0.000102887	0.0063209	0.0069887	-0.00151409	
45	-0.000302666	-0.000178846	0.0069887	0.0323054	-0.00227411	
45	5.48077e-05	2.13174e-05	-0.00151409	-0.00227411	0.000413775	
46	0.000398557	5.86514e-05	-4.37038e-05	0.000595945	-9.2253e-06	
46	5.86514e-05	1.0258e-05	-3.70704e-06	4.60585e-05	-6.73312e-07	
46	-4.37038e-05	-3.70704e-06	7.01621e-05	-0.000220061	2.08069e-05	
46	0.000595945	4.60585e-05	-0.000220061	0.0171527	-0.000396378	
46	-9.2253e-06	-6.73312e-07	2.08069e-05	-0.000396378	2.12079e-05	
47	0.00432922	0.000769137	-0.00038282	0.00363028	-3.61714e-05	
47	0.000769137	0.000170745	-6.92888e-05	3.16416e-06	1.13123e-05	
47	-0.00038282	-6.92888e-05	0.00389229	0.00393242	-0.0010659	
47	0.00363028	3.16416e-06	0.00393242	0.0573039	-0.00240348	
47	-3.61714e-05	1.13123e-05	-0.0010659	-0.00240348	0.000353806	
48	0.000253841	3.42447e-05	-4.16075e-05	0.000798027	-1.43819e-05	
48	3.42447e-05	8.64712e-06	-2.47638e-06	3.89894e-05	-6.50109e-07	
48	-4.16075e-05	-2.47638e-06	2.86762e-05	-0.000215733	7.00564e-06	
48	0.000798027	3.89894e-05	-0.000215733	0.0202731	-0.000415026	
48	-1.43819e-05	-6.50109e-07	7.00564e-06	-0.000415026	1.66642e-05	
49	0.00488622	0.000923043	-0.000246657	0.000512149	-3.83523e-05	
49	0.000923043	0.000201645	-5.27036e-05	5.74664e-05	-1.13785e-05	
49	-0.000246657	-5.27036e-05	0.00299902	-0.00375128	0.00080431	
49	0.000512149	5.74664e-05	-0.00375128	0.0242732	-0.00153167	
49	-3.83523e-05	-1.13785e-05	0.00080431	-0.00153167	0.000270208	
50	0.000250629	1.04591e-05	-6.77749e-05	0.00159926	-2.854e-05	
50	1.04591e-05	4.97085e-07	-3.44186e-06	5.64621e-05	-9.14811e-07	
50	-6.77749e-05	-3.44186e-06	2.48189e-05	-0.000338702	5.2907e-06	
50	0.00159926	5.64621e-05	-0.000338702	0.0400837	-0.000829798	
50	-2.854e-05	-9.14811e-07	5.2907e-06	-0.000829798	1.9594e-05	
51	0.00222886	0.000314431	-0.00024915	-0.00433054	4.7467e-05	
51	0.000314431	6.31082e-05	-1.63951e-05	-0.000187476	1.21246e-06	
51	-0.00024915	-1.63951e-05	0.00028188	0.000734675	5.75256e-05	
51	-0.00433054	-0.000187476	0.000734675	0.678059	-0.0109434	
51	4.7467e-05	1.21246e-06	5.75256e-05	-0.0109434	0.000235801	
52	0.000519449	8.31082e-05	-5.11477e-05	0.000220415	-7.21472e-06	
52	8.31082e-05	1.73513e-05	-4.40273e-06	3.91416e-06	-9.3903e-07	
52	-5.11477e-05	-4.40273e-06	0.000110617	-0.000305529	5.44124e-05	
52	0.000220415	3.91416e-06	-0.000305529	0.0183628	-0.000564307	
52	-7.21472e-06	-9.3903e-07	5.44124e-05	-0.000564307	5.70841e-05	
53	0.000238155	3.38159e-05	-3.02458e-05	0.000231627	-3.62576e-06	
53	3.38159e-05	6.7715e-06	-2.01574e-06	9.26278e-06	-8.64247e-08	
53	-3.02458e-05	-2.01574e-06	2.65411e-05	-4.21183e-05	-2.63827e-06	
53	0.000231627	9.26278e-06	-4.21183e-05	0.0127057	-0.000275391	
53	-3.62576e-06	-8.64247e-08	-2.63827e-06	-0.000275391	1.25743e-05	
54	0.000369362	5.51877e-05	-4.26833e-05	0.000327419	-6.69805e-06	
54	5.51877e-05	1.12345e-05	-3.12234e-06	1.46241e-05	-5.37835e-07	
54	-4.26833e-05	-3.12234e-06	5.84432e-05	-0.000190754	2.22723e-05	
54	0.000327419	1.46241e-05	-0.000190754	0.0170339	-0.000416887	
54	-6.69805e-06	-5.37835e-07	2.22723e-05	-0.000416887	2.75375e-05	
55	0.00183418	0.000278405	-0.000245473	0.00086323	9.93931e-06	
55	0.000278405	5.83249e-05	-2.2494e-05	9.92505e-05	4.76736e-06	
55	-0.000245473	-2.2494e-05	0.000790365	0.00158513	-0.000375342	
55	0.00086323	9.92505e-05	0.00158513	0.120275	-0.00327222	
55	9.93931e-06	4.76736e-06	-0.000375342	-0.00327222	0.00028	
56	0.000967615	0.000169472	-5.53501e-05	8.0162e-05	-7.30688e-07	
56	0.000169472	3.63712e-05	-4.89444e-06	-1.43989e-06	2.1949e-07	
56	-5.53501e-05	-4.89444e-06	0.000102166	5.65205e-05	-1.47189e-05	
56	8.0162e-05	-1.43989e-06	5.65205e-05	0.0174217	-0.000483388	
56	-7.30688e-07	2.1949e-07	-1.47189e-05	-0.000483388	4.33475e-05	
57	0.00140258	0.00025905	-8.1927e-05	0.000753366	-1.61267e-05	
57	0.00025905	5.85582e-05	-1.03025e-05	6.37966e-05	-2.34525e-06	
57	-8.1927e-05	-1.03025e-05	0.000404893	-0.000757713	0.000142835	
57	0.000753366	6.37966e-05	-0.000757713	0.0190539	-0.00066113	
57	-1.61267e-05	-2.34525e-06	0.000142835	-0.00066113	8.1711e-05	
58	0.000265226	3.75982e-05	-3.35025e-05	0.000331596	-6.19913e-06	
58	3.75982e-05	7.55885e-06	-2.17353e-06	1.40928e-05	-2.66474e-07	
58	-3.35025e-05	-2.17353e-06	2.7358e-05	-8.95776e-05	2.19013e-06	
58	0.000331596	1.40928e-05	-8.95776e-05	0.0160813	-0.000343457	
58	-6.19913e-06	-2.66474e-07	2.19013e-06	-0.000343457	1.40832e-05	
59	0.00846706	0.00171055	-0.000655186	-0.00167262	9.43596e-05	
59	0.00171055	0.000403669	-0.000189251	-0.000530336	3.69075e-05	
59	-0.000655186	-0.000189251	0.0122795	0.0120039	-0.00265065	
59	-0.00167262	-0.000530336	0.0120039	0.0334256	-0.00311713	
59	9.43596e-05	3.69075e-05	-0.00265065	-0.00311713	0.000632847	
60	0.000367117	5.74819e-05	-3.59549e-05	0.000204942	-3.09843e-06	
60	5.74819e-05	1.19594e-05	-2.59225e-06	8.43057e-06	-1.73672e-08	
60	-3.59549e-05	-2.59225e-06	4.15316e-05	-1.33227e-05	-6.47012e-06	
60	0.000204942	8.43057e-06	-1.33227e-05	0.0145166	-0.000330956	
60	-3.09843e-06	-1.73672e-08	-6.47012e-06	-0.000330956	1.85641e-05	
61	0.028112	0.00590448	-0.0043577	-0.0116133	0.000601319	
61	0.00590448	0.00145991	-0.00147893	-0.00300389	0.000218824	
61	-0.0043577	-0.00147893	0.0995828	0.0700637	-0.015287	
61	-0.0116133	-0.00300389	0.0700637	0.0886505	-0.0117271	
61	0.000601319	0.000218824	-0.015287	-0.0117271	0.00248573	
62	0.00199059	0.000372557	-0.000112181	-6.02194e-05	9.39157e-06	
62	0.000372557	8.273e-05	-1.86797e-05	-5.55943e-05	4.17259e-06	
62	-0.000112181	-1.86797e-05	0.000917814	0.00134234	-0.000297871	
62	-6.02194e-05	-5.55943e-05	0.00134234	0.0190924	-0.000870045	
62	9.39157e-06	4.17259e-06	-0.000297871	-0.000870045	0.000130741	
63	0.000962392	0.000176527	-5.20155e-05	0.00013588	-3.81457e-06	
63	0.000176527	3.90463e-05	-6.05211e-06	1.65652e-05	-9.63276e-07	
63	-5.20155e-05	-6.05211e-06	0.000202298	-0.000329216	7.12861e-05	
63	0.00013588	1.65652e-05	-0.000329216	0.0133975	-0.000448475	
63	-3.81457e-06	-9.63276e-07	7.12861e-05	-0.000448475	5.25034e-05	
64	0.00265172	0.000499789	-0.000112092	4.22379e-05	-8.73163e-06	
64	0.000499789	0.000109505	-1.75756e-05	1.10698e-05	-3.20206e-06	
64	-0.000112092	-1.75756e-05	0.000768682	-0.00108259	0.000243499	
64	4.22379e-05	1.10698e-05	-0.00108259	0.0177153	-0.000842393	
64	-8.73163e-06	-3.20206e-06	0.000243499	-0.000842393	0.000131007	
65	0.00136508	0.000249332	-8.12277e-05	0.000109147	7.47777e-06	
65	0.000249332	5.43377e-05	-1.17483e-05	1.17634e-05	2.62964e-06	
65	-8.12277e-05	-1.17483e-05	0.000527624	0.000845131	-0.000185407	
65	0.000109147	1.17634e-05	0.000845131	0.0176396	-0.000698983	
65	7.47777e-06	2.62964e-06	-0.000185407	-0.000698983	9.4922e-05	
66	0.00027359	3.962e-05	-3.35293e-05	0.000373895	-6.6989e-06	
66	3.962e-05	7.97457e-06	-2.23398e-06	1.55054e-05	-2.38131e-07	
66	-3.35293e-05	-2.23398e-06	2.94815e-05	-8.09003e-05	-1.67166e-06	
66	0.000373895	1.55054e-05	-8.09003e-05	0.0142806	-0.000311789	
66	-6.6989e-06	-2.38131e-07	-1.67166e-06	-0.000311789	1.42024e-05	
67	0.000462667	6.87674e-05	-5.29696e-05	0.000618569	-1.09438e-05	
67	6.87674e-05	1.40919e-05	-3.91587e-06	2.04018e-05	-9.72925e-08	
67	-5.29696e-05	-3.91587e-06	7.92986e-05	-2.61504e-05	-2.96173e-05	
67	0.000618569	2.04018e-05	-2.61504e-05	0.0268311	-0.000649062	
67	-1.09438e-05	-9.72925e-08	-2.96173e-05	-0.000649062	4.16809e-05	
68	0.00394793	0.000739926	-0.000151596	0.00125943	-1.12253e-05	
68	0.000739926	0.000165993	-1.94229e-05	6.54491e-05	2.28921e-06	
68	-0.000151596	-1.94229e-05	0.000781962	0.000791839	-0.000225855	
68	0.00125943	6.54491e-05	0.000791839	0.0281454	-0.00122735	
68	-1.12253e-05	2.28921e-06	-0.000225855	-0.00122735	0.000191307	
69	0.000351508	5.22635e-05	-4.1547e-05	0.000445853	-7.96191e-06	
69	5.22635e-05	1.06178e-05	-2.89017e-06	1.93703e-05	-4.16139e-07	
69	-4.1547e-05	-2.89017e-06	4.31243e-05	-0.000152835	9.83126e-06	
69	0.000445853	1.93703e-05	-0.000152835	0.0148787	-0.000340281	
69	-7.96191e-06	-4.16139e-07	9.83126e-06	-0.000340281	1.8133e-05	
70	0.000716027	0.000123276	-4.67209e-05	0.000190784	-4.06059e-06	
70	0.000123276	2.6305e-05	-4.05205e-06	8.97919e-06	-4.0112e-07	
70	-4.67209e-05	-4.05205e-06	8.56542e-05	-0.000138068	2.11902e-05	
70	0.000190784	8.97919e-06	-0.000138068	0.0164944	-0.000428727	
70	-4.06059e-06	-4.0112e-07	2.11902e-05	-0.000428727	3.39665e-05	
71	0.000228905	2.63751e-05	-4.17979e-05	0.000860168	-1.6142e-05	
71	2.63751e-05	5.05746e-06	-2.44859e-06	4.09628e-05	-7.48074e-07	
71	-4.17979e-05	-2.44859e-06	2.66878e-05	-0.000247422	8.22673e-06	
71	0.000860168	4.09628e-05	-0.000247422	0.019723	-0.000414184	
71	-1.6142e-05	-7.48074e-07	8.22673e-06	-0.000414184	1.48043e-05	
72	0.00666918	0.00129051	-0.000885047	0.00325343	2.90417e-07	
72	0.00129051	0.000334738	-0.000183806	-0.000730723	3.56266e-05	
72	-0.000885047	-0.000183806	0.0119058	0.0112639	-0.00325319	
72	0.00325343	-0.000730723	0.0112639	0.0906318	-0.00497142	
72	2.90417e-07	3.56266e-05	-0.00325319	-0.00497142	0.000988673	
73	0.000173284	1.76849e-05	-3.35788e-05	0.000471999	-8.93801e-06	
73	1.76849e-05	3.05362e-06	-1.85558e-06	2.07312e-05	-3.89868e-07	
73	-3.35788e-05	-1.85558e-06	1.7712e-05	-0.000132886	3.10172e-06	
73	0.000471999	2.07312e-05	-0.000132886	0.0177048	-0.000362841	
73	-8.93801e-06	-3.89868e-07	3.10172e-06	-0.000362841	1.06555e-05	
74	0.0013352	0.000268829	-7.75977e-05	0.000542284	-9.50031e-06	
74	0.000268829	7.14455e-05	-8.44534e-06	6.15936e-05	-1.35547e-06	
74	-7.75977e-05	-8.44534e-06	0.000275045	-0.00044251	9.53078e-05	
74	0.000542284	6.15936e-05	-0.00044251	0.0206483	-0.000638928	
74	-9.50031e-06	-1.35547e-06	9.53078e-05	-0.000638928	8.14035e-05	
75	0.00196761	0.000352205	-0.000136805	0.000830279	-3.29033e-05	
75	0.000352205	7.59207e-05	-2.26578e-05	3.23607e-05	-6.37006e-06	
75	-0.000136805	-2.26578e-05	0.00116011	-0.00209361	0.000423698	
75	0.000830279	3.23607e-05	-0.00209361	0.0261517	-0.0012542	
75	-3.29033e-05	-6.37006e-06	0.000423698	-0.0012542	0.000191342	
76	0.0199806	0.00385164	-0.00346765	0.00250962	0.000499907	
76	0.00385164	0.000849985	-0.00110011	0.000283086	0.000176268	
76	-0.00346765	-0.00110011	0.0799491	0.0586585	-0.0134067	
76	0.00250962	0.000283086	0.0586585	0.0719589	-0.0106896	
76	0.000499907	0.000176268	-0.0134067	-0.0106896	0.00236288	
77	0.000987776	0.000160298	-8.58388e-05	0.000287432	-1.74717e-08	
77	0.000160298	3.35742e-05	-8.30714e-06	1.17563e-05	1.34118e-06	
77	-8.58388e-05	-8.30714e-06	0.000273488	0.0004272	-0.000107234	
77	0.000287432	1.17563e-05	0.0004272	0.03156	-0.000869802	
77	-1.74717e-08	1.34118e-06	-0.000107234	-0.000869802	7.60697e-05	
78	0.000538423	8.95199e-05	-4.2124e-05	0.00018601	-2.10584e-06	
78	8.95199e-05	1.88693e-05	-3.63226e-06	5.59215e-06	2.97053e-07	
78	-4.2124e-05	-3.63226e-06	8.59692e-05	9.06901e-05	-2.82465e-05	
78	0.00018601	5.59215e-06	9.06901e-05	0.0156789	-0.000408577	
78	-2.10584e-06	2.97053e-07	-2.82465e-05	-0.000408577	3.09545e-05	
79	0.000440478	6.73344e-05	-4.873e-05	0.000523417	-1.13643e-05	
79	6.73344e-05	1.37962e-05	-3.74398e-06	2.3166e-05	-8.79454e-07	
79	-4.873e-05	-3.74398e-06	7.82244e-05	-0.000283461	3.3886e-05	
79	0.000523417	2.3166e-05	-0.000283461	0.0197661	-0.000504702	
79	-1.13643e-05	-8.79454e-07	3.3886e-05	-0.000504702	3.69707e-05	
80	0.00257696	0.000474413	-0.000137376	0.00061899	2.83189e-06	
80	0.000474413	0.000102964	-2.35841e-05	3.31712e-07	4.76199e-06	
80	-0.000137376	-2.35841e-05	0.00119867	0.00157776	-0.000366161	
80	0.00061899	3.31712e-07	0.00157776	0.0224365	-0.0010162	
80	2.83189e-06	4.76199e-06	-0.000366161	-0.0010162	0.000151636	
81	0.000331037	5.22788e-05	-3.64379e-05	0.000276651	-2.74748e-06	
81	5.22788e-05	1.1538e-05	-2.74619e-06	2.34147e-05	1.28954e-07	
81	-3.64379e-05	-2.74619e-06	5.60775e-05	2.54796e-05	-2.02963e-05	
81	0.000276651	2.34147e-05	2.54796e-05	0.0159458	-0.000389243	
81	-2.74748e-06	1.28954e-07	-2.02963e-05	-0.000389243	2.78658e-05	
82	0.000315797	4.49909e-05	-4.12814e-05	0.000458794	-7.68766e-06	
82	4.49909e-05	8.99556e-06	-2.8563e-06	1.94572e-05	-1.35734e-07	
82	-4.12814e-05	-2.8563e-06	4.65457e-05	-5.10327e-05	-1.26954e-05	
82	0.000458794	1.94572e-05	-5.10327e-05	0.0181621	-0.000437807	
82	-7.68766e-06	-1.35734e-07	-1.26954e-05	-0.000437807	2.45636e-05	
83	0.0010871	0.00019928	-7.51375e-05	-0.000500708	-2.68561e-06	
83	0.00019928	4.58152e-05	-1.00741e-05	-7.73217e-05	-2.13912e-06	
83	-7.51375e-05	-1.00741e-05	0.00046684	-0.000727641	0.000189456	
83	-0.000500708	-7.73217e-05	-0.000727641	0.0216048	-0.000804104	
83	-2.68561e-06	-2.13912e-06	0.000189456	-0.000804104	0.000110796	
84	0.00304982	0.000563036	-0.000210553	0.00055546	1.16756e-05	
84	0.000563036	0.000123652	-4.1546e-05	-6.15584e-05	9.28114e-06	
84	-0.000210553	-4.1546e-05	0.00233809	0.0030738	-0.000703745	
84	0.00055546	-6.15584e-05	0.0030738	0.0327112	-0.00163647	
84	1.16756e-05	9.28114e-06	-0.000703745	-0.00163647	0.000255489	
85	0.000237111	3.28877e-05	-3.22837e-05	0.000305799	-5.04744e-06	
85	3.28877e-05	6.52485e-06	-2.12104e-06	1.27815e-05	-1.35357e-07	
85	-3.22837e-05	-2.12104e-06	2.81472e-05	-5.29313e-05	-3.60243e-06	
85	0.000305799	1.27815e-05	-5.29313e-05	0.0136282	-0.00030221	
85	-5.04744e-06	-1.35357e-07	-3.60243e-06	-0.00030221	1.37075e-05	
86	0.000217247	2.87269e-05	-3.34973e-05	0.000305278	-5.0148e-06	
86	2.87269e-05	5.57238e-06	-2.15556e-06	1.28715e-05	-1.57561e-07	
86	-3.34973e-05	-2.15556e-06	2.62618e-05	-6.53399e-05	-2.42938e-06	
86	0.000305278	1.28715e-05	-6.53399e-05	0.0137501	-0.000291739	
86	-5.0148e-06	-1.57561e-07	-2.42938e-06	-0.000291739	1.21415e-05	
87	0.000779114	0.000142986	-4.94819e-05	0.000198515	-1.92146e-06	
87	0.000142986	3.35239e-05	-4.43926e-06	1.24478e-05	2.1815e-07	
87	-4.94819e-05	-4.43926e-06	0.000101827	6.11669e-05	-2.16967e-05	
87	0.000198515	1.24478e-05	6.11669e-05	0.0143125	-0.000411503	
87	-1.92146e-06	2.1815e-07	-2.16967e-05	-0.000411503	4.16239e-05	
88	0.00200567	0.000404296	-7.43792e-05	2.01249e-05	7.77411e-07	
88	0.000404296	9.90987e-05	-9.2474e-06	-2.94249e-05	1.06152e-06	
88	-7.43792e-05	-9.2474e-06	0.000293385	0.000325657	-7.80326e-05	
88	2.01249e-05	-2.94249e-05	0.000325657	0.0153451	-0.000650358	
88	7.77411e-07	1.06152e-06	-7.80326e-05	-0.000650358	0.000102224	
89	0.000519644	8.16965e-05	-4.75697e-05	0.000568395	-9.36137e-06	
89	8.16965e-05	1.70178e-05	-3.57139e-06	2.53765e-05	-1.48193e-07	
89	-4.75697e-05	-3.57139e-06	6.88864e-05	-4.95842e-05	-1.69019e-05	
89	0.000568395	2.53765e-05	-4.95842e-05	0.019689	-0.000457103	
89	-9.36137e-06	-1.48193e-07	-1.69019e-05	-0.000457103	2.7601e-05	
90	0.00189365	0.000345873	-9.70419e-05	7.59293e-05	5.51325e-06	
90	0.000345873	7.50263e-05	-1.32735e-05	-1.40143e-05	2.56221e-06	
90	-9.70419e-05	-1.32735e-05	0.000552999	0.000821796	-0.000182339	
90	7.59293e-05	-1.40143e-05	0.000821796	0.0204453	-0.000765637	
90	5.51325e-06	2.56221e-06	-0.000182339	-0.000765637	9.94936e-05	
91	0.00175013	0.000317306	-9.67751e-05	0.000908734	-2.19829e-05	
91	0.000317306	6.91701e-05	-1.27133e-05	5.48668e-05	-2.96882e-06	
91	-9.67751e-05	-1.27133e-05	0.000514881	-0.000954681	0.000174265	
91	0.000908734	5.48668e-05	-0.000954681	0.021353	-0.000765884	
91	-2.19829e-05	-2.96882e-06	0.000174265	-0.000765884	9.45089e-05	
92	0.00168318	0.000310338	-7.16322e-05	0.000208081	-1.63407e-06	
92	0.000310338	6.75033e-05	-7.89533e-06	8.4803e-07	6.95898e-07	
92	-7.16322e-05	-7.89533e-06	0.000223703	0.000216032	-5.65745e-05	
92	0.000208081	8.4803e-07	0.000216032	0.0156464	-0.00058128	
92	-1.63407e-06	6.95898e-07	-5.65745e-05	-0.00058128	7.51785e-05	
93	0.000423779	6.10561e-05	-4.80498e-05	0.000708628	-1.33423e-05	
93	6.10561e-05	1.24082e-05	-3.09775e-06	3.01194e-05	-5.87779e-07	
93	-4.80498e-05	-3.09775e-06	4.13351e-05	-0.000189999	5.11052e-06	
93	0.000708628	3.01194e-05	-0.000189999	0.0224852	-0.000480897	
93	-1.33423e-05	-5.87779e-07	5.11052e-06	-0.000480897	2.11772e-05	
94	0.000637794	2.53075e-05	-0.000168778	0.000238199	-8.58103e-06	
94	2.53075e-05	1.05653e-06	-7.50657e-06	1.72013e-05	-4.96932e-07	
94	-0.000168778	-7.50657e-06	6.21242e-05	-0.000125463	3.55448e-06	
94	0.000238199	1.72013e-05	-0.000125463	0.119422	-0.00237392	
94	-8.58103e-06	-4.96932e-07	3.55448e-06	-0.00237392	4.81689e-05	
95	0.000992656	0.000182776	-5.69451e-05	0.00042536	-8.2821e-06	
95	0.000182776	4.2724e-05	-5.09626e-06	1.26675e-05	-4.00748e-07	
95	-5.69451e-05	-5.09626e-06	0.00011365	-0.000135048	1.12303e-05	
95	0.00042536	1.26675e-05	-0.000135048	0.0164902	-0.000480059	
95	-8.2821e-06	-4.00748e-07	1.12303e-05	-0.000480059	5.08644e-05	
96	0.00129286	0.000238442	-7.3261e-05	0.000408979	-1.02988e-05	
96	0.000238442	5.29709e-05	-9.72867e-06	4.09084e-05	-2.06096e-06	
96	-7.3261e-05	-9.72867e-06	0.000393555	-0.000683177	0.000139292	
96	0.000408979	4.09084e-05	-0.000683177	0.0165204	-0.000601923	
96	-1.02988e-05	-2.06096e-06	0.000139292	-0.000601923	7.79618e-05	
97	0.000508265	8.68284e-05	-4.41562e-05	0.000263243	-5.81606e-06	
97	8.68284e-05	2.00002e-05	-3.38841e-06	4.76277e-06	-3.65668e-07	
97	-4.41562e-05	-3.38841e-06	6.3619e-05	-0.000123874	1.43887e-05	
97	0.000263243	4.76277e-06	-0.000123874	0.0150576	-0.000371053	
97	-5.81606e-06	-3.65668e-07	1.43887e-05	-0.000371053	2.75805e-05	
98	0.000599658	9.64816e-05	-5.00453e-05	0.000486022	-8.47515e-06	
98	9.64816e-05	2.01729e-05	-3.70867e-06	2.00609e-05	-2.2805e-07	
98	-5.00453e-05	-3.70867e-06	6.3182e-05	-7.18439e-05	-8.76202e-06	
98	0.000486022	2.00609e-05	-7.18439e-05	0.0201931	-0.000467582	
98	-8.47515e-06	-2.2805e-07	-8.76202e-06	-0.000467582	2.83406e-05	
99	0.000557035	9.50592e-05	-3.82419e-05	0.000178168	-3.39193e-06	
99	9.50592e-05	2.02399e-05	-3.17922e-06	4.93536e-06	-1.6435e-07	
99	-3.82419e-05	-3.17922e-06	5.80749e-05	-6.33534e-05	6.42601e-06	
99	0.000178168	4.93536e-06	-6.33534e-05	0.0133061	-0.000343234	
99	-3.39193e-06	-1.6435e-07	6.42601e-06	-0.000343234	2.60106e-05	
100	0.000310007	2.9828e-05	-6.13458e-05	0.001697	-3.27542e-05	
100	2.9828e-05	5.0154e-06	-3.22148e-06	7.47002e-05	-1.4586e-06	
100	-6.13458e-05	-3.22148e-06	3.01658e-05	-0.00046798	1.17824e-05	
100	0.001697	7.47002e-05	-0.00046798	0.0321153	-0.00064932	
100	-3.27542e-05	-1.4586e-06	1.17824e-05	-0.00064932	1.83996e-05	
101	0.00210496	0.000392916	-0.000109617	0.000418749	-1.77452e-05	
101	0.000392916	8.58794e-05	-1.90066e-05	3.55087e-05	-4.37545e-06	
101	-0.000109617	-1.90066e-05	0.000946341	-0.00144585	0.000303594	
101	0.000418749	3.55087e-05	-0.00144585	0.0160638	-0.000813729	
101	-1.77452e-05	-4.37545e-06	0.000303594	-0.000813729	0.000129805	
102	0.000326718	5.14546e-05	-3.36488e-05	0.000155459	-3.44514e-06	
102	5.14546e-05	1.06907e-05	-2.61655e-06	3.80277e-06	-3.21725e-07	
102	-3.36488e-05	-2.61655e-06	5.07843e-05	-0.000114744	1.73256e-05	
102	0.000155459	3.80277e-06	-0.000114744	0.0132662	-0.000327797	
102	-3.44514e-06	-3.21725e-07	1.73256e-05	-0.000327797	2.24984e-05	
103	0.00169367	0.000341484	-6.73301e-05	0.000163038	-2.68833e-06	
103	0.000341484	8.48685e-05	-7.51266e-06	-3.19995e-06	1.45656e-07	
103	-6.73301e-05	-7.51266e-06	0.000198066	3.28136e-05	-1.49862e-05	
103	0.000163038	-3.19995e-06	3.28136e-05	0.0153302	-0.000587245	
103	-2.68833e-06	1.45656e-07	-1.49862e-05	-0.000587245	8.66214e-05	
104	0.0152288	0.0029204	-0.00306993	0.000270383	0.000553916	
104	0.0029204	0.000639617	-0.000868772	-0.000152236	0.000186478	
104	-0.00306993	-0.000868772	0.057789	0.0614764	-0.0134767	
104	0.000270383	-0.000152236	0.0614764	0.102676	-0.0154618	
104	0.000553916	0.000186478	-0.0134767	-0.0154618	0.00332199	
105	0.000887153	0.000155518	-5.70222e-05	0.000148972	-5.425e-06	
105	0.000155518	3.36685e-05	-5.59054e-06	-1.66554e-06	-8.0319e-07	
105	-5.70222e-05	-5.59054e-06	0.00015835	-0.000270059	5.26764e-05	
105	0.000148972	-1.66554e-06	-0.000270059	0.0168026	-0.000484675	
105	-5.425e-06	-8.0319e-07	5.26764e-05	-0.000484675	4.65011e-05	
106	0.000226254	3.07001e-05	-3.30314e-05	0.000299376	-5.05945e-06	
106	3.07001e-05	6.13132e-06	-2.10433e-06	1.32885e-05	-1.84883e-07	
106	-3.30314e-05	-2.10433e-06	2.51082e-05	-7.35756e-05	-2.86024e-07	
106	0.000299376	1.32885e-05	-7.35756e-05	0.0139185	-0.000294228	
106	-5.05945e-06	-1.84883e-07	-2.86024e-07	-0.000294228	1.19286e-05	
107	0.0116811	0.00221405	-0.00183476	-0.00105569	-0.000293273	
107	0.00221405	0.000485406	-0.00051324	-0.000186928	-0.00010436	
107	-0.00183476	-0.00051324	0.0348607	-0.0345107	0.00793149	
107	-0.00105569	-0.000186928	-0.0345107	0.0740877	-0.00925135	
107	-0.000293273	-0.00010436	0.00793149	-0.00925135	0.00195218	
108	0.00040347	5.4511e-05	-5.5497e-05	0.000741616	-1.33892e-05	
108	5.4511e-05	1.1039e-05	-3.43984e-06	2.93964e-05	-4.76163e-07	
108	-5.5497e-05	-3.43984e-06	4.64802e-05	-0.000160953	-6.14726e-06	
108	0.000741616	2.93964e-05	-0.000160953	0.0304283	-0.000632212	
108	-1.33892e-05	-4.76163e-07	-6.14726e-06	-0.000632212	2.42087e-05	
109	0.000572842	3.98793e-05	-0.000125885	0.000719783	-1.37709e-05	
109	3.98793e-05	5.36545e-06	-5.74336e-06	3.92259e-05	-7.40358e-07	
109	-0.000125885	-5.74336e-06	4.40944e-05	-0.00026029	5.33409e-06	
109	0.000719783	3.92259e-05	-0.00026029	0.110143	-0.00206447	
109	-1.37709e-05	-7.40358e-07	5.33409e-06	-0.00206447	4.32289e-05	
110	0.0183608	0.0035818	-0.000845709	-0.0030713	0.000149511	
110	0.0035818	0.000802004	-0.00019932	-0.000476144	4.08824e-05	
110	-0.000845709	-0.00019932	0.011168	0.0129567	-0.00264253	
110	-0.0030713	-0.000476144	0.0129567	0.0624251	-0.00514161	
110	0.000149511	4.08824e-05	-0.00264253	-0.00514161	0.000911449	
111	0.0398542	0.00780249	-0.00917663	-0.0108432	0.00113595	
111	0.00780249	0.00174942	-0.003031	-0.00298063	0.000405994	
111	-0.00917663	-0.003031	0.199807	0.133496	-0.0280442	
111	-0.0108432	-0.00298063	0.133496	0.170584	-0.0228482	
111	0.00113595	0.000405994	-0.0280442	-0.0228482	0.00435278	
112	0.00124096	0.0002239	-8.13527e-05	0.000302179	3.19656e-09	
112	0.0002239	4.86437e-05	-1.11687e-05	-1.15875e-05	2.22235e-06	
112	-8.13527e-05	-1.11687e-05	0.000474859	0.000724155	-0.000175109	
112	0.000302179	-1.15875e-05	0.000724155	0.0166582	-0.000693274	
112	3.19656e-09	2.22235e-06	-0.000175109	-0.000693274	9.55095e-05	
113	0.000255473	3.35106e-05	-3.66094e-05	0.000555772	-1.02082e-05	
113	3.35106e-05	6.50382e-06	-2.25127e-06	2.40558e-05	-4.22109e-07	
113	-3.66094e-05	-2.25127e-06	2.59555e-05	-0.00014359	1.63643e-06	
113	0.000555772	2.40558e-05	-0.00014359	0.0168866	-0.00035513	
113	-1.02082e-05	-4.22109e-07	1.63643e-06	-0.00035513	1.33564e-05	
114	0.00036597	4.97959e-05	-4.75941e-05	0.000814548	-1.56723e-05	
114	4.97959e-05	9.91743e-06	-2.94038e-06	3.40519e-05	-6.31043e-07	
114	-4.75941e-05	-2.94038e-06	3.61339e-05	-0.00019646	1.37595e-06	
114	0.000814548	3.40519e-05	-0.00019646	0.0202867	-0.000439632	
114	-1.56723e-05	-6.31043e-07	1.37595e-06	-0.000439632	1.83392e-05	
115	0.000598053	0.000102728	-3.99511e-05	0.000146443	-2.14233e-06	
115	0.000102728	2.19228e-05	-3.32509e-06	4.78216e-06	1.2562e-08	
115	-3.99511e-05	-3.32509e-06	6.17164e-05	-6.24174e-06	-4.91593e-06	
115	0.000146443	4.78216e-06	-6.24174e-06	0.0135528	-0.000350585	
115	-2.14233e-06	1.2562e-08	-4.91593e-06	-0.000350585	2.76151e-05	
116	0.000184143	1.8446e-05	-3.715e-05	0.000565745	-1.01465e-05	
116	1.8446e-05	3.15001e-06	-2.07317e-06	2.46073e-05	-4.19891e-07	
116	-3.715e-05	-2.07317e-06	1.94534e-05	-0.000151403	1.8124e-06	
116	0.000565745	2.46073e-05	-0.000151403	0.0184185	-0.000366118	
116	-1.01465e-05	-4.19891e-07	1.8124e-06	-0.000366118	1.04509e-05	
117	0.00206021	0.00038062	-8.62727e-05	0.00012922	-6.39591e-06	
117	0.00038062	8.27969e-05	-1.08575e-05	7.09299e-06	-1.65545e-06	
117	-8.62727e-05	-1.08575e-05	0.000384038	-0.000569762	0.000122895	
117	0.00012922	7.09299e-06	-0.000569762	0.018312	-0.000709175	
117	-6.39591e-06	-1.65545e-06	0.000122895	-0.000709175	9.55458e-05	
118	0.00042807	6.55064e-05	-4.22227e-05	0.000137909	-2.90231e-06	
118	6.55064e-05	1.36405e-05	-2.96598e-06	7.20623e-06	-2.18329e-07	
118	-4.22227e-05	-2.96598e-06	4.69024e-05	-7.24612e-05	9.8364e-06	
118	0.000137909	7.20623e-06	-7.24612e-05	0.0210044	-0.000459423	
118	-2.90231e-06	-2.18329e-07	9.8364e-06	-0.000459423	2.25728e-05	
119	0.00572417	0.00118353	-0.000454374	-0.000808202	-8.40165e-05	
119	0.00118353	0.000313235	-0.00011849	-0.000455679	-2.46189e-05	
119	-0.000454374	-0.00011849	0.00993303	-0.0083556	0.00230757	
119	-0.000808202	-0.000455679	-0.0083556	0.0324793	-0.00245909	
119	-8.40165e-05	-2.46189e-05	0.00230757	-0.00245909	0.000591998	
120	0.00178239	0.00031471	-0.000113904	0.0011138	-1.24784e-05	
120	0.00031471	6.75232e-05	-1.37457e-05	4.9334e-05	1.55764e-06	
120	-0.000113904	-1.37457e-05	0.000533531	0.000538387	-0.000169646	
120	0.0011138	4.9334e-05	0.000538387	0.0229039	-0.000783195	
120	-1.24784e-05	1.55764e-06	-0.000169646	-0.000783195	9.48088e-05	
121	0.000978714	0.000177355	-6.66171e-05	0.000867672	-1.55199e-05	
121	0.000177355	4.20568e-05	-5.48624e-06	3.54855e-05	-5.99527e-07	
121	-6.66171e-05	-5.48624e-06	0.000103482	-0.000177682	-2.36207e-06	
121	0.000867672	3.54855e-05	-0.000177682	0.0218561	-0.000571524	
121	-1.55199e-05	-5.99527e-07	-2.36207e-06	-0.000571524	4.90864e-05	
122	0.00716188	0.00141555	-0.000428036	0.000822718	6.19222e-05	
122	0.00141555	0.000329818	-0.000105878	0.000172442	2.14266e-05	
122	-0.000428036	-0.000105878	0.00725771	0.00727377	-0.00170376	
122	0.000822718	0.000172442	0.00727377	0.0264721	-0.00224598	
122	6.19222e-05	2.14266e-05	-0.00170376	-0.00224598	0.000476862	
123	0.0077447	0.0014495	-0.000804122	-0.000261309	-7.82282e-05	
123	0.0014495	0.000323504	-0.000204301	0.000319403	-4.00945e-05	
123	-0.000804122	-0.000204301	0.0128595	-0.0136331	0.00300689	
