0	0.000395225	6.17768e-05	-4.62342e-05	0.00072118	-1.28863e-05	
0	6.17768e-05	1.38468e-05	-3.42159e-06	4.92057e-05	-8.63643e-07	
0	-4.62342e-05	-3.42159e-06	6.83645e-05	-0.000284284	2.94e-05	
0	0.00072118	4.92057e-05	-0.000284284	0.0203665	-0.000496376	
0	-1.28863e-05	-8.63643e-07	2.94e-05	-0.000496376	3.35327e-05	
1	0.00106136	0.000183996	-7.04175e-05	-0.000187671	-1.45933e-06	
1	0.000183996	3.93254e-05	-8.02262e-06	-1.2465e-05	-1.31673e-06	
1	-7.04175e-05	-8.02262e-06	0.000294072	-0.0004523	0.00010642	
1	-0.000187671	-1.2465e-05	-0.0004523	0.0232602	-0.000686183	
1	-1.45933e-06	-1.31673e-06	0.00010642	-0.000686183	6.82382e-05	
2	0.00113924	0.000198027	-9.57679e-05	-0.000163823	1.05806e-05	
2	0.000198027	4.24234e-05	-1.14774e-05	-3.72735e-05	3.21443e-06	
2	-9.57679e-05	-1.14774e-05	0.000442121	0.00103558	-0.000219479	
2	-0.000163823	-3.72735e-05	0.00103558	0.0264649	-0.00113493	
2	1.05806e-05	3.21443e-06	-0.000219479	-0.00113493	0.000158317	
3	0.000347351	4.70821e-05	-4.50547e-05	0.000653163	-1.2055e-05	
3	4.70821e-05	9.3234e-06	-2.80028e-06	2.72281e-05	-5.02024e-07	
3	-4.50547e-05	-2.80028e-06	3.39139e-05	-0.000165367	3.57483e-06	
3	0.000653163	2.72281e-05	-0.000165367	0.0216704	-0.000456219	
3	-1.2055e-05	-5.02024e-07	3.57483e-06	-0.000456219	1.78951e-05	
4	0.00384817	0.000773428	-0.000442033	-0.00289764	8.74474e-05	
4	0.000773428	0.000185177	-9.13549e-05	-0.000714156	2.95477e-05	
4	-0.000442033	-9.13549e-05	0.00505883	0.00973017	-0.00213895	
4	-0.00289764	-0.000714156	0.00973017	0.0453283	-0.00498464	
4	8.74474e-05	2.95477e-05	-0.00213895	-0.00498464	0.00104717	
5	0.0176268	0.00227944	-0.00522018	0.0626469	-0.000819783	
5	0.00227944	0.000393495	-0.000416436	0.00337387	-1.33746e-05	
5	-0.00522018	-0.000416436	0.0145419	-0.0191442	-0.00191165	
5	0.0626469	0.00337387	-0.0191442	0.541851	-0.0127483	
5	-0.000819783	-1.33746e-05	-0.00191165	-0.0127483	0.000902724	
6	0.000299279	4.21319e-05	-5.25915e-05	0.00111667	-1.84025e-05	
6	4.21319e-05	1.09997e-05	-3.2549e-06	6.64112e-05	-7.1749e-07	
6	-5.25915e-05	-3.2549e-06	4.79438e-05	-0.000273996	-8.0112e-06	
6	0.00111667	6.64112e-05	-0.000273996	0.0225276	-0.000484982	
6	-1.84025e-05	-7.1749e-07	-8.0112e-06	-0.000484982	2.51969e-05	
7	0.000526157	8.22429e-05	-5.14098e-05	0.000733689	-1.28555e-05	
7	8.22429e-05	1.70668e-05	-3.85232e-06	2.93017e-05	-3.01825e-07	
7	-5.14098e-05	-3.85232e-06	7.346e-05	-9.61987e-05	-1.77316e-05	
7	0.000733689	2.93017e-05	-9.61987e-05	0.0184183	-0.000443262	
7	-1.28555e-05	-3.01825e-07	-1.77316e-05	-0.000443262	2.80161e-05	
8	0.0007932	0.000140561	-5.2602e-05	0.00053555	-9.6105e-06	
8	0.000140561	3.17661e-05	-4.50419e-06	1.5238e-05	-1.33505e-07	
8	-5.2602e-05	-4.50419e-06	9.56694e-05	-3.52182e-05	-2.0594e-05	
8	0.00053555	1.5238e-05	-3.52182e-05	0.0169282	-0.000451676	
8	-9.6105e-06	-1.33505e-07	-2.0594e-05	-0.000451676	3.90526e-05	
9	0.000331072	5.17437e-05	-3.45635e-05	0.000213697	-4.33382e-06	
9	5.17437e-05	1.06833e-05	-2.64051e-06	8.9304e-06	-3.38178e-07	
9	-3.45635e-05	-2.64051e-06	4.83212e-05	-0.0001189	1.51532e-05	
9	0.000213697	8.9304e-06	-0.0001189	0.0133887	-0.000327605	
9	-4.33382e-06	-3.38178e-07	1.51532e-05	-0.000327605	2.08e-05	
10	0.000395964	7.00601e-05	-3.91374e-05	0.000535596	-9.28056e-06	
10	7.00601e-05	1.88096e-05	-2.88664e-06	3.17511e-05	-4.94888e-07	
10	-3.91374e-05	-2.88664e-06	5.02994e-05	-0.000162856	1.33026e-05	
10	0.000535596	3.17511e-05	-0.000162856	0.016495	-0.000378532	
10	-9.28056e-06	-4.94888e-07	1.33026e-05	-0.000378532	2.57713e-05	
11	0.00129261	0.000232178	-7.968e-05	0.000264323	-1.10957e-05	
11	0.000232178	5.07587e-05	-9.30612e-06	-2.37889e-06	-1.85972e-06	
11	-7.968e-05	-9.30612e-06	0.000347273	-0.000613271	0.000120633	
11	0.000264323	-2.37889e-06	-0.000613271	0.0187149	-0.000622316	
11	-1.10957e-05	-1.85972e-06	0.000120633	-0.000622316	7.33754e-05	
12	0.000472849	7.88758e-05	-3.8096e-05	0.000163841	-2.46688e-06	
12	7.88758e-05	1.67133e-05	-3.00871e-06	4.99227e-06	9.79822e-09	
12	-3.8096e-05	-3.00871e-06	5.1408e-05	-6.87915e-06	-6.6443e-06	
12	0.000163841	4.99227e-06	-6.87915e-06	0.0140705	-0.000339991	
12	-2.46688e-06	9.79822e-09	-6.6443e-06	-0.000339991	2.2683e-05	
13	0.000526097	8.65995e-05	-4.3532e-05	0.000221917	-4.07396e-06	
13	8.65995e-05	1.83664e-05	-3.39076e-06	1.05596e-05	-2.88741e-07	
13	-4.3532e-05	-3.39076e-06	6.02041e-05	-0.000104378	1.25466e-05	
13	0.000221917	1.05596e-05	-0.000104378	0.0174272	-0.000414979	
13	-4.07396e-06	-2.88741e-07	1.25466e-05	-0.000414979	2.61238e-05	
14	0.00119299	0.000208779	-7.46463e-05	0.00100245	-1.54909e-05	
14	0.000208779	4.53954e-05	-6.81719e-06	5.00428e-05	-9.40256e-08	
14	-7.46463e-05	-6.81719e-06	0.00017433	-9.27603e-06	-4.61002e-05	
14	0.00100245	5.00428e-05	-9.27603e-06	0.0192469	-0.00056159	
14	-1.54909e-05	-9.40256e-08	-4.61002e-05	-0.00056159	5.65933e-05	
15	0.00156318	0.000280622	-8.48516e-05	-0.000633717	1.81959e-05	
15	0.000280622	6.0524e-05	-1.04705e-05	-3.39302e-05	2.60796e-06	
15	-8.48516e-05	-1.04705e-05	0.000405825	0.000799547	-0.000140427	
15	-0.000633717	-3.39302e-05	0.000799547	0.0263137	-0.000802054	
15	1.81959e-05	2.60796e-06	-0.000140427	-0.000802054	8.46483e-05	
16	0.000650848	0.000111186	-4.55399e-05	0.000292468	-3.96638e-06	
16	0.000111186	2.36934e-05	-4.00724e-06	1.2275e-05	1.72157e-07	
16	-4.55399e-05	-4.00724e-06	9.0163e-05	5.15954e-05	-2.43855e-05	
16	0.000292468	1.2275e-05	5.15954e-05	0.0141057	-0.00038149	
16	-3.96638e-06	1.72157e-07	-2.43855e-05	-0.00038149	3.21943e-05	
17	0.000996923	0.000171087	-6.06401e-05	0.000323836	-5.50644e-06	
17	0.000171087	3.64091e-05	-5.03067e-06	1.09323e-05	-1.38632e-07	
17	-6.06401e-05	-5.03067e-06	9.73905e-05	-5.76093e-05	-2.25108e-06	
17	0.000323836	1.09323e-05	-5.76093e-05	0.0256627	-0.00063449	
17	-5.50644e-06	-1.38632e-07	-2.25108e-06	-0.00063449	4.59064e-05	
18	0.013332	0.00242255	-0.00171559	-0.0200077	0.000103691	
18	0.00242255	0.000538873	-0.000467047	-0.00137086	-6.41239e-05	
18	-0.00171559	-0.000467047	0.0342653	-0.0222667	0.00638789	
18	-0.0200077	-0.00137086	-0.0222667	0.250195	-0.00949223	
18	0.000103691	-6.41239e-05	0.00638789	-0.00949223	0.00137068	
19	0.000578457	9.96709e-05	-4.13488e-05	6.34279e-05	9.42173e-07	
19	9.96709e-05	2.16273e-05	-3.65575e-06	5.31939e-06	4.07185e-07	
19	-4.13488e-05	-3.65575e-06	8.70271e-05	0.000116093	-2.69243e-05	
19	6.34279e-05	5.31939e-06	0.000116093	0.0151655	-0.00039632	
19	9.42173e-07	4.07185e-07	-2.69243e-05	-0.00039632	3.17014e-05	
20	0.00411347	0.000783811	-0.000157607	0.000288645	1.64234e-05	
20	0.000783811	0.000172618	-2.98859e-05	1.57302e-05	6.54959e-06	
20	-0.000157607	-2.98859e-05	0.00157625	0.00215195	-0.000473159	
20	0.000288645	1.57302e-05	0.00215195	0.0175565	-0.00115648	
20	1.64234e-05	6.54959e-06	-0.000473159	-0.00115648	0.000210819	
21	0.00165767	0.000270158	-0.000175499	0.000277198	6.83236e-06	
21	0.000270158	5.67657e-05	-1.86573e-05	-5.35065e-06	3.80747e-06	
21	-0.000175499	-1.86573e-05	0.000717738	0.00126329	-0.000292451	
21	0.000277198	-5.35065e-06	0.00126329	0.149978	-0.00344651	
21	6.83236e-06	3.80747e-06	-0.000292451	-0.00344651	0.000206183	
22	0.000196654	2.44021e-05	-3.1916e-05	0.000261051	-4.86058e-06	
22	2.44021e-05	4.62177e-06	-1.93587e-06	1.04684e-05	-1.86266e-07	
22	-3.1916e-05	-1.93587e-06	2.09924e-05	-6.0421e-05	6.73505e-07	
22	0.000261051	1.04684e-05	-6.0421e-05	0.0168561	-0.000346534	
22	-4.86058e-06	-1.86266e-07	6.73505e-07	-0.000346534	1.15246e-05	
23	0.000536648	8.96175e-05	-4.09656e-05	9.21022e-05	-2.49068e-06	
23	8.96175e-05	1.89248e-05	-3.46147e-06	2.40794e-06	-3.28794e-07	
23	-4.09656e-05	-3.46147e-06	7.44446e-05	-0.000116101	2.15233e-05	
23	9.21022e-05	2.40794e-06	-0.000116101	0.016055	-0.000397385	
23	-2.49068e-06	-3.28794e-07	2.15233e-05	-0.000397385	2.80938e-05	
24	0.00131456	0.000225252	-9.04172e-05	0.000657901	-9.47202e-09	
24	0.000225252	4.15323e-05	-1.1469e-05	6.7588e-05	1.57706e-06	
24	-9.04172e-05	-1.1469e-05	0.000420908	0.000517364	-0.000111243	
24	0.000657901	6.7588e-05	0.000517364	0.0177061	-0.000602365	
24	-9.47202e-09	1.57706e-06	-0.000111243	-0.000602365	6.34536e-05	
25	0.00246546	0.000461636	-0.000115384	0.000589991	2.46242e-06	
25	0.000461636	0.000102233	-1.76296e-05	4.13264e-05	3.28779e-06	
25	-0.000115384	-1.76296e-05	0.000829229	0.00108744	-0.000263072	
25	0.000589991	4.13264e-05	0.00108744	0.0178942	-0.000836408	
25	2.46242e-06	3.28779e-06	-0.000263072	-0.000836408	0.000132045	
26	0.000245107	3.18121e-05	-3.77665e-05	0.000507066	-9.18469e-06	
26	3.18121e-05	6.13044e-06	-2.35571e-06	2.3668e-05	-4.65319e-07	
26	-3.77665e-05	-2.35571e-06	2.91564e-05	-0.000169013	7.58876e-06	
26	0.000507066	2.3668e-05	-0.000169013	0.018852	-0.000404465	
26	-9.18469e-06	-4.65319e-07	7.58876e-06	-0.000404465	1.57389e-05	
27	0.000270763	4.51661e-05	-3.43026e-05	0.000404504	-7.82351e-06	
27	4.51661e-05	1.23592e-05	-2.32074e-06	1.43785e-05	-3.63119e-07	
27	-3.43026e-05	-2.32074e-06	3.44473e-05	-0.000124087	5.47795e-06	
27	0.000404504	1.43785e-05	-0.000124087	0.0133877	-0.000304589	
27	-7.82351e-06	-3.63119e-07	5.47795e-06	-0.000304589	1.8668e-05	
28	0.000171188	1.8218e-05	-3.3362e-05	0.000529622	-9.08755e-06	
28	1.8218e-05	3.20403e-06	-1.92303e-06	2.25931e-05	-3.64615e-07	
28	-3.3362e-05	-1.92303e-06	1.85996e-05	-0.000138206	1.66677e-06	
28	0.000529622	2.25931e-05	-0.000138206	0.0142178	-0.000284693	
28	-9.08755e-06	-3.64615e-07	1.66677e-06	-0.000284693	8.91099e-06	
29	0.00394503	0.000556667	-0.00119472	0.0132776	-0.000284482	
29	0.000556667	0.000114844	-0.000102773	0.00106022	-2.68246e-05	
29	-0.00119472	-0.000102773	0.00262249	-0.0102673	0.000985646	
29	0.0132776	0.00106022	-0.0102673	0.112468	-0.00406663	
29	-0.000284482	-2.68246e-05	0.000985646	-0.00406663	0.000482809	
30	0.00307612	0.000588581	-0.000176722	2.82815e-05	-2.95373e-05	
30	0.000588581	0.000134131	-3.47002e-05	-7.8055e-05	-7.74621e-06	
30	-0.000176722	-3.47002e-05	0.00207032	-0.00259762	0.000593893	
30	2.82815e-05	-7.8055e-05	-0.00259762	0.0210975	-0.00118842	
30	-2.95373e-05	-7.74621e-06	0.000593893	-0.00118842	0.000212281	
31	0.000560784	8.53643e-05	-5.94271e-05	0.000242666	-3.09223e-06	
31	8.53643e-05	1.76114e-05	-4.64112e-06	1.7304e-06	4.26086e-07	
31	-5.94271e-05	-4.64112e-06	0.00010667	0.00013357	-4.24416e-05	
31	0.000242666	1.7304e-06	0.00013357	0.0248042	-0.000621952	
31	-3.09223e-06	4.26086e-07	-4.24416e-05	-0.000621952	4.54203e-05	
32	0.000553413	9.15627e-05	-4.75992e-05	0.000553135	-7.14622e-06	
32	9.15627e-05	1.99951e-05	-4.07386e-06	3.34081e-05	1.9093e-07	
32	-4.75992e-05	-4.07386e-06	0.000106534	5.72603e-05	-3.77355e-05	
32	0.000553135	3.34081e-05	5.72603e-05	0.0165835	-0.000437976	
32	-7.14622e-06	1.9093e-07	-3.77355e-05	-0.000437976	3.70009e-05	
33	0.000907114	0.000157733	-6.55284e-05	0.000175257	-9.10808e-06	
33	0.000157733	3.38055e-05	-7.56475e-06	-1.25657e-06	-1.77376e-06	
33	-6.55284e-05	-7.56475e-06	0.000283207	-0.000585647	0.000118163	
33	0.000175257	-1.25657e-06	-0.000585647	0.0186051	-0.000648364	
33	-9.10808e-06	-1.77376e-06	0.000118163	-0.000648364	7.72209e-05	
34	0.0022582	0.000426601	-0.000178777	-0.000526179	3.34011e-05	
34	0.000426601	9.38637e-05	-3.37027e-05	-0.0001171	1.05255e-05	
34	-0.000178777	-3.37027e-05	0.00175533	0.00346928	-0.000723153	
34	-0.000526179	-0.0001171	0.00346928	0.022646	-0.00188192	
34	3.34011e-05	1.05255e-05	-0.000723153	-0.00188192	0.000355646	
35	0.00106361	0.000193738	-4.84088e-05	0.00010893	-2.1355e-06	
35	0.000193738	4.19364e-05	-4.83222e-06	3.35015e-07	-1.31462e-07	
35	-4.84088e-05	-4.83222e-06	0.000111463	-5.60379e-05	1.01813e-05	
35	0.00010893	3.35015e-07	-5.60379e-05	0.012701	-0.000423264	
35	-2.1355e-06	-1.31462e-07	1.01813e-05	-0.000423264	4.7808e-05	
36	0.000326951	5.44427e-05	-3.17667e-05	0.000275938	-5.06168e-06	
36	5.44427e-05	1.2698e-05	-2.26542e-06	1.03653e-05	-1.9396e-07	
36	-3.17667e-05	-2.26542e-06	3.53973e-05	-6.55449e-05	1.46562e-06	
36	0.000275938	1.03653e-05	-6.55449e-05	0.0123708	-0.000288784	
36	-5.06168e-06	-1.9396e-07	1.46562e-06	-0.000288784	1.82818e-05	
37	0.00160097	0.000292789	-8.01996e-05	-2.05606e-05	6.04835e-06	
37	0.000292789	6.36986e-05	-9.65433e-06	-6.91238e-07	1.6749e-06	
37	-8.01996e-05	-9.65433e-06	0.000339072	0.000526167	-0.000110721	
37	-2.05606e-05	-6.91238e-07	0.000526167	0.0191586	-0.000672189	
37	6.04835e-06	1.6749e-06	-0.000110721	-0.000672189	8.07305e-05	
38	0.000696531	0.00011985	-5.4e-05	0.000190434	-6.87133e-06	
38	0.00011985	2.58258e-05	-5.39107e-06	-2.30401e-06	-9.70992e-07	
38	-5.4e-05	-5.39107e-06	0.000162688	-0.000320967	6.12403e-05	
38	0.000190434	-2.30401e-06	-0.000320967	0.0156016	-0.000468703	
38	-6.87133e-06	-9.70992e-07	6.12403e-05	-0.000468703	4.67841e-05	
39	0.000633603	0.000106051	-5.04734e-05	0.000567346	-1.19146e-05	
39	0.000106051	2.24258e-05	-4.55734e-06	2.76751e-05	-1.03205e-06	
39	-5.04734e-05	-4.55734e-06	0.000120248	-0.000337419	4.56817e-05	
39	0.000567346	2.76751e-05	-0.000337419	0.0151975	-0.000429094	
39	-1.19146e-05	-1.03205e-06	4.56817e-05	-0.000429094	3.80482e-05	
40	0.0351454	0.00656711	-0.00118467	-0.00117434	-4.15903e-05	
40	0.00656711	0.00138716	-0.000227349	-8.64286e-05	-2.72731e-05	
40	-0.00118467	-0.000227349	0.0108021	-0.00958316	0.00225765	
40	-0.00117434	-8.64286e-05	-0.00958316	0.0685363	-0.0079798	
40	-4.15903e-05	-2.72731e-05	0.00225765	-0.0079798	0.0015414	
41	0.00192388	0.000342406	-0.000134055	0.000899343	-2.91115e-05	
41	0.000342406	7.36401e-05	-1.9798e-05	5.31751e-05	-5.09288e-06	
41	-0.000134055	-1.9798e-05	0.000937933	-0.00164618	0.000318046	
41	0.000899343	5.31751e-05	-0.00164618	0.0251963	-0.0010304	
41	-2.91115e-05	-5.09288e-06	0.000318046	-0.0010304	0.000140589	
42	0.000539044	9.42139e-05	-4.33549e-05	-7.83132e-05	1.55779e-06	
42	9.42139e-05	2.14937e-05	-3.96248e-06	-2.41673e-05	5.86757e-07	
42	-4.33549e-05	-3.96248e-06	0.000106368	0.000180634	-4.04027e-05	
42	-7.83132e-05	-2.41673e-05	0.000180634	0.016341	-0.00043351	
42	1.55779e-06	5.86757e-07	-4.04027e-05	-0.00043351	3.75372e-05	
43	0.000409557	6.47472e-05	-4.19058e-05	1.44165e-05	2.8586e-06	
43	6.47472e-05	1.34452e-05	-3.44498e-06	-6.75517e-07	5.93436e-07	
43	-4.19058e-05	-3.44498e-06	7.62145e-05	0.000162363	-3.32038e-05	
43	1.44165e-05	-6.75517e-07	0.000162363	0.0160439	-0.000448166	
43	2.8586e-06	5.93436e-07	-3.32038e-05	-0.000448166	3.8279e-05	
44	0.00129719	0.000239284	-7.17015e-05	0.00049813	-7.72719e-06	
44	0.000239284	5.46392e-05	-7.52454e-06	1.79992e-06	5.55885e-07	
44	-7.17015e-05	-7.52454e-06	0.000226742	0.000191679	-7.23009e-05	
44	0.00049813	1.79992e-06	0.000191679	0.020801	-0.000623656	
44	-7.72719e-06	5.55885e-07	-7.23009e-05	-0.000623656	6.62933e-05	
45	0.00211968	0.000379275	-0.00022724	0.000252662	1.80178e-05	
45	0.000379275	8.19177e-05	-3.19911e-05	-5.04773e-05	6.73582e-06	
45	-0.00022724	-3.19911e-05	0.00136576	0.00206848	-0.000458967	
45	0.000252662	-5.04773e-05	0.00206848	0.0293203	-0.00143728	
45	1.80178e-05	6.73582e-06	-0.000458967	-0.00143728	0.000211011	
46	0.00050404	7.33697e-05	-6.31859e-05	0.00139002	-2.49595e-05	
46	7.33697e-05	2.08429e-05	-4.34238e-06	7.35929e-05	-1.2326e-06	
46	-6.31859e-05	-4.34238e-06	6.84073e-05	-0.000374714	1.52504e-05	
46	0.00139002	7.35929e-05	-0.000374714	0.0302305	-0.000622512	
46	-2.49595e-05	-1.2326e-06	1.52504e-05	-0.000622512	3.10849e-05	
47	0.00416138	0.000785584	-0.000261089	0.000195107	3.29797e-05	
47	0.000785584	0.000171793	-6.11219e-05	-5.79187e-05	1.36287e-05	
47	-0.000261089	-6.11219e-05	0.00366881	0.00447789	-0.000975895	
47	0.000195107	-5.79187e-05	0.00447789	0.0246983	-0.00167417	
47	3.29797e-05	1.36287e-05	-0.000975895	-0.00167417	0.000300765	
48	0.000262764	1.63752e-05	-8.32843e-05	0.00126806	-2.25738e-05	
48	1.63752e-05	1.16888e-06	-7.26991e-06	5.87982e-05	-1.00488e-06	
48	-8.32843e-05	-7.26991e-06	9.47812e-05	-0.000233602	2.56489e-06	
48	0.00126806	5.87982e-05	-0.000233602	0.0310387	-0.00058155	
48	-2.25738e-05	-1.00488e-06	2.56489e-06	-0.00058155	1.2202e-05	
49	0.00116403	0.000194053	-8.8746e-05	0.00132283	-2.79651e-05	
49	0.000194053	4.08865e-05	-8.3065e-06	6.32821e-05	-2.27368e-06	
49	-8.8746e-05	-8.3065e-06	0.000245118	-0.000709605	8.92226e-05	
49	0.00132283	6.32821e-05	-0.000709605	0.0244263	-0.000679186	
49	-2.79651e-05	-2.27368e-06	8.92226e-05	-0.000679186	6.07101e-05	
50	0.250274	0.0499133	-0.0892103	0.0766063	-0.00776885	
50	0.0499133	0.011793	-0.0344673	0.0320775	-0.00340102	
50	-0.0892103	-0.0344673	2.0757	-1.11078	0.210876	
50	0.0766063	0.0320775	-1.11078	1.14092	-0.134851	
50	-0.00776885	-0.00340102	0.210876	-0.134851	0.0227764	
51	0.000623987	0.000102473	-5.08992e-05	0.000325923	-5.39073e-06	
51	0.000102473	2.17647e-05	-3.91042e-06	1.06338e-05	-6.47661e-08	
51	-5.08992e-05	-3.91042e-06	6.75438e-05	-2.9954e-05	-9.62718e-06	
51	0.000325923	1.06338e-05	-2.9954e-05	0.0209993	-0.000490235	
51	-5.39073e-06	-6.47661e-08	-9.62718e-06	-0.000490235	3.01226e-05	
52	0.00193046	0.000355873	-0.000116832	0.000508495	6.02339e-06	
52	0.000355873	7.72649e-05	-2.07081e-05	1.40689e-05	4.78865e-06	
52	-0.000116832	-2.07081e-05	0.00108171	0.00157478	-0.000365418	
52	0.000508495	1.40689e-05	0.00157478	0.0181308	-0.00097047	
52	6.02339e-06	4.78865e-06	-0.000365418	-0.00097047	0.000157278	
53	0.00214219	0.000408175	-0.000134657	0.000540731	1.52494e-05	
53	0.000408175	9.46117e-05	-2.43215e-05	9.14946e-05	5.81178e-06	
53	-0.000134657	-2.43215e-05	0.00141709	0.00189903	-0.000451303	
53	0.000540731	9.14946e-05	0.00189903	0.0232195	-0.00108849	
53	1.52494e-05	5.81178e-06	-0.000451303	-0.00108849	0.000180011	
54	0.00133723	0.00023959	-6.9089e-05	0.000509789	-6.29111e-06	
54	0.00023959	5.16047e-05	-7.39831e-06	1.49208e-05	6.62089e-07	
54	-6.9089e-05	-7.39831e-06	0.000222907	0.000220281	-6.85012e-05	
54	0.000509789	1.49208e-05	0.000220281	0.0181736	-0.000576164	
54	-6.29111e-06	6.62089e-07	-6.85012e-05	-0.000576164	6.3409e-05	
55	0.000773288	9.97146e-05	-0.000103423	0.00274213	-5.13342e-05	
55	9.97146e-05	1.98892e-05	-5.92587e-06	0.000117132	-2.23597e-06	
55	-0.000103423	-5.92587e-06	7.1111e-05	-0.000697509	1.57732e-05	
55	0.00274213	0.000117132	-0.000697509	0.0486683	-0.000996008	
55	-5.13342e-05	-2.23597e-06	1.57732e-05	-0.000996008	3.76456e-05	
56	0.000693154	0.000115206	-6.20518e-05	0.000408067	-2.24022e-06	
56	0.000115206	2.43268e-05	-6.03424e-06	1.97146e-05	1.01891e-06	
56	-6.20518e-05	-6.03424e-06	0.000182969	0.000310198	-8.58945e-05	
56	0.000408067	1.97146e-05	0.000310198	0.0179308	-0.000633124	
56	-2.24022e-06	1.01891e-06	-8.58945e-05	-0.000633124	7.52826e-05	
57	0.000768818	0.000139186	-4.87668e-05	0.000309473	-6.25991e-06	
57	0.000139186	3.13878e-05	-5.18341e-06	2.89398e-05	-9.28115e-07	
57	-4.87668e-05	-5.18341e-06	0.000163048	-0.000305307	6.0201e-05	
57	0.000309473	2.89398e-05	-0.000305307	0.0144873	-0.000438447	
57	-6.25991e-06	-9.28115e-07	6.0201e-05	-0.000438447	4.63211e-05	
58	0.00109379	0.000194543	-7.22082e-05	-8.72225e-05	9.7267e-06	
58	0.000194543	4.19359e-05	-9.44906e-06	-3.16914e-06	2.40046e-06	
58	-7.22082e-05	-9.44906e-06	0.000395454	0.000753527	-0.000155704	
58	-8.72225e-05	-3.16914e-06	0.000753527	0.0186217	-0.000700437	
58	9.7267e-06	2.40046e-06	-0.000155704	-0.000700437	9.00125e-05	
59	0.000823258	0.000145066	-5.81955e-05	4.2513e-05	-4.87852e-06	
59	0.000145066	3.1091e-05	-6.939e-06	2.80653e-06	-1.5e-06	
59	-5.81955e-05	-6.939e-06	0.000255385	-0.000506238	0.000110623	
59	4.2513e-05	2.80653e-06	-0.000506238	0.0164727	-0.000615429	
59	-4.87852e-06	-1.5e-06	0.000110623	-0.000615429	7.75135e-05	
60	0.000785023	0.000132015	-5.43975e-05	0.000412054	-6.37123e-06	
60	0.000132015	2.79546e-05	-4.58115e-06	1.54484e-05	9.19834e-08	
60	-5.43975e-05	-4.58115e-06	0.00010061	2.94743e-05	-2.53547e-05	
60	0.000412054	1.54484e-05	2.94743e-05	0.0200829	-0.000512488	
60	-6.37123e-06	9.19834e-08	-2.53547e-05	-0.000512488	3.81888e-05	
61	0.0006897	0.000112376	-6.54317e-05	0.000654655	-1.52315e-05	
61	0.000112376	2.35722e-05	-6.0509e-06	4.01452e-05	-1.6827e-06	
61	-6.54317e-05	-6.0509e-06	0.000172067	-0.000548702	8.51656e-05	
61	0.000654655	4.01452e-05	-0.000548702	0.0232297	-0.000733104	
61	-1.52315e-05	-1.6827e-06	8.51656e-05	-0.000733104	7.51513e-05	
62	0.00116543	0.000210529	-6.07677e-05	0.000359832	-4.62138e-06	
62	0.000210529	4.56468e-05	-6.39569e-06	6.82527e-06	5.17756e-07	
62	-6.07677e-05	-6.39569e-06	0.000177998	0.000166545	-5.20811e-05	
62	0.000359832	6.82527e-06	0.000166545	0.0151667	-0.000493849	
62	-4.62138e-06	5.17756e-07	-5.20811e-05	-0.000493849	5.50177e-05	
63	0.0038931	0.000721181	-0.000808465	-0.00166855	1.65102e-05	
63	0.000721181	0.000157709	-0.000123417	-0.000307309	1.61123e-05	
63	-0.000808465	-0.000123417	0.00487983	0.00690952	-0.00159856	
63	-0.00166855	-0.000307309	0.00690952	0.06658	-0.00611316	
63	1.65102e-05	1.61123e-05	-0.00159856	-0.00611316	0.00104886	
64	0.00230821	0.000388664	-0.00015133	-0.00204933	3.33672e-05	
64	0.000388664	8.22241e-05	-1.30717e-05	-9.78562e-05	6.25966e-07	
64	-0.00015133	-1.30717e-05	0.000317547	4.72257e-05	7.25608e-05	
64	-0.00204933	-9.78562e-05	4.72257e-05	0.0753267	-0.00172398	
64	3.33672e-05	6.25966e-07	7.25608e-05	-0.00172398	0.000110863	
65	0.000312752	4.79461e-05	-3.27332e-05	0.000124872	-1.8684e-06	
65	4.79461e-05	9.85584e-06	-2.32177e-06	4.20314e-06	9.80202e-09	
65	-3.27332e-05	-2.32177e-06	3.46101e-05	-5.40543e-06	-4.7227e-06	
65	0.000124872	4.20314e-06	-5.40543e-06	0.0135989	-0.000309205	
65	-1.8684e-06	9.80202e-09	-4.7227e-06	-0.000309205	1.62051e-05	
66	0.020215	0.00389351	-0.002279	-0.00354608	-0.000290995	
66	0.00389351	0.000860567	-0.000728848	-0.000445407	-0.000111377	
66	-0.002279	-0.000728848	0.0535133	-0.0373799	0.00878102	
66	-0.00354608	-0.000445407	-0.0373799	0.0504962	-0.00697952	
66	-0.000290995	-0.000111377	0.00878102	-0.00697952	0.00155181	
67	0.000684139	0.000117054	-4.73735e-05	0.000167529	-4.30228e-06	
67	0.000117054	2.49076e-05	-4.3805e-06	7.66003e-06	-6.07247e-07	
67	-4.73735e-05	-4.3805e-06	0.000113596	-0.000206717	3.82027e-05	
67	0.000167529	7.66003e-06	-0.000206717	0.0167069	-0.00044515	
67	-4.30228e-06	-6.07247e-07	3.82027e-05	-0.00044515	3.6888e-05	
68	0.000287147	4.07867e-05	-3.64999e-05	0.000359618	-6.73815e-06	
68	4.07867e-05	8.15755e-06	-2.40246e-06	1.50082e-05	-3.28627e-07	
68	-3.64999e-05	-2.40246e-06	3.2009e-05	-0.000111221	6.05615e-06	
68	0.000359618	1.50082e-05	-0.000111221	0.0165253	-0.000354405	
68	-6.73815e-06	-3.28627e-07	6.05615e-06	-0.000354405	1.54593e-05	
69	0.0370936	0.00858657	-0.0103044	0.0349426	-0.00141826	
69	0.00858657	0.00248976	-0.00420345	0.0125556	-0.000710225	
69	-0.0103044	-0.00420345	0.319199	-0.231907	0.0568781	
69	0.0349426	0.0125556	-0.231907	0.373868	-0.0504339	
69	-0.00141826	-0.000710225	0.0568781	-0.0504339	0.0109501	
70	0.0108867	0.00210048	-0.00196892	0.00160591	-0.00038083	
70	0.00210048	0.000463124	-0.000507772	0.000696175	-0.000134093	
70	-0.00196892	-0.000507772	0.0305865	-0.0432636	0.00926981	
70	0.00160591	0.000696175	-0.0432636	0.122827	-0.0163902	
70	-0.00038083	-0.000134093	0.00926981	-0.0163902	0.00315769	
71	0.00142354	0.000204414	-0.000141642	0.00346503	-6.15042e-05	
71	0.000204414	3.52531e-05	-1.10468e-05	0.000184669	-3.4233e-06	
71	-0.000141642	-1.10468e-05	0.00017728	-0.00094899	4.46106e-05	
71	0.00346503	0.000184669	-0.00094899	0.0436837	-0.000961416	
71	-6.15042e-05	-3.4233e-06	4.46106e-05	-0.000961416	4.77992e-05	
72	0.00392428	0.000758164	-0.000307999	-0.00624347	0.000123149	
72	0.000758164	0.000186521	-5.70211e-05	-0.000574141	1.69699e-05	
72	-0.000307999	-5.70211e-05	0.00334869	0.00538227	-0.000954898	
72	-0.00624347	-0.000574141	0.00538227	0.0864412	-0.00265166	
72	0.000123149	1.69699e-05	-0.000954898	-0.00265166	0.000320737	
73	0.0260525	0.00535559	-0.00609395	-0.0157934	0.00104225	
73	0.00535559	0.00129031	-0.00209604	-0.00486855	0.000406258	
73	-0.00609395	-0.00209604	0.142912	0.133234	-0.0288168	
73	-0.0157934	-0.00486855	0.133234	0.221521	-0.0290652	
73	0.00104225	0.000406258	-0.0288168	-0.0290652	0.00603517	
74	0.00137564	0.000268493	-9.4749e-05	-0.000418762	9.66446e-06	
74	0.000268493	6.42061e-05	-1.57689e-05	-0.000152364	4.57588e-06	
74	-9.4749e-05	-1.57689e-05	0.000776251	0.00149278	-0.000343699	
74	-0.000418762	-0.000152364	0.00149278	0.0187818	-0.00111666	
74	9.66446e-06	4.57588e-06	-0.000343699	-0.00111666	0.000196374	
75	0.00529574	0.00100775	-0.000337321	0.000262844	-5.41661e-05	
75	0.00100775	0.000220362	-8.62178e-05	4.99648e-05	-1.8339e-05	
75	-0.000337321	-8.62178e-05	0.00538993	-0.00608527	0.00132766	
75	0.000262844	4.99648e-05	-0.00608527	0.0246784	-0.00197377	
75	-5.41661e-05	-1.8339e-05	0.00132766	-0.00197377	0.000373085	
76	0.000359596	4.66092e-05	-5.19896e-05	0.000743755	-1.38883e-05	
76	4.66092e-05	8.99577e-06	-3.20305e-06	3.42379e-05	-7.30747e-07	
76	-5.19896e-05	-3.20305e-06	4.27847e-05	-0.000251947	1.32282e-05	
76	0.000743755	3.42379e-05	-0.000251947	0.0276411	-0.000582441	
76	-1.38883e-05	-7.30747e-07	1.32282e-05	-0.000582441	2.24788e-05	
77	0.000528455	7.1042e-05	-6.93472e-05	0.0016947	-3.09925e-05	
77	7.1042e-05	1.39457e-05	-4.2678e-06	7.58288e-05	-1.27108e-06	
77	-6.93472e-05	-4.2678e-06	5.60722e-05	-0.000401701	-1.88911e-06	
77	0.0016947	7.58288e-05	-0.000401701	0.0300743	-0.000633058	
77	-3.09925e-05	-1.27108e-06	-1.88911e-06	-0.000633058	2.61531e-05	
78	0.00193981	0.000357477	-9.06854e-05	0.000462442	-2.92694e-06	
78	0.000357477	7.79037e-05	-1.19967e-05	2.13789e-06	1.82195e-06	
78	-9.06854e-05	-1.19967e-05	0.000463	0.000597921	-0.000150469	
78	0.000462442	2.13789e-06	0.000597921	0.0177941	-0.000696554	
78	-2.92694e-06	1.82195e-06	-0.000150469	-0.000696554	9.49268e-05	
79	0.00569898	0.00109059	-0.000347376	-0.000166969	4.13343e-05	
79	0.00109059	0.000241576	-8.09194e-05	-0.000136932	1.66302e-05	
79	-0.000347376	-8.09194e-05	0.004775	0.0054033	-0.00117836	
79	-0.000166969	-0.000136932	0.0054033	0.0284055	-0.00195965	
79	4.13343e-05	1.66302e-05	-0.00117836	-0.00195965	0.000349369	
80	0.000732652	0.000123139	-5.26431e-05	0.000455084	-7.29414e-06	
80	0.000123139	2.60647e-05	-4.30901e-06	1.97826e-05	-4.92716e-08	
80	-5.26431e-05	-4.30901e-06	8.79494e-05	-1.64789e-05	-1.93963e-05	
80	0.000455084	1.97826e-05	-1.64789e-05	0.0193576	-0.000486265	
80	-7.29414e-06	-4.92716e-08	-1.93963e-05	-0.000486265	3.53447e-05	
81	0.00121989	0.000242287	-9.61706e-05	-0.000877201	-1.03763e-05	
81	0.000242287	8.31796e-05	-1.64623e-05	-0.000305214	-3.77332e-06	
81	-9.61706e-05	-1.64623e-05	0.00135027	-0.00122611	0.00049483	
81	-0.000877201	-0.000305214	-0.00122611	0.0178922	-0.000839161	
81	-1.03763e-05	-3.77332e-06	0.00049483	-0.000839161	0.000222421	
82	0.00104683	0.000185572	-5.67426e-05	0.00047005	-7.74449e-06	
82	0.000185572	3.99627e-05	-5.13753e-06	1.8875e-05	-1.50695e-07	
82	-5.67426e-05	-5.13753e-06	0.00011014	-4.92131e-05	-1.01093e-05	
82	0.00047005	1.8875e-05	-4.92131e-05	0.015827	-0.000468621	
82	-7.74449e-06	-1.50695e-07	-1.01093e-05	-0.000468621	4.68431e-05	
83	0.000725837	0.000123693	-5.25634e-05	0.000306224	-6.41951e-06	
83	0.000123693	2.69032e-05	-4.19154e-06	1.03677e-05	-4.18672e-07	
83	-5.25634e-05	-4.19154e-06	8.00513e-05	-0.000141289	1.45064e-05	
83	0.000306224	1.03677e-05	-0.000141289	0.0204485	-0.000502957	
83	-6.41951e-06	-4.18672e-07	1.45064e-05	-0.000502957	3.59358e-05	
84	0.000374208	5.61355e-05	-3.97474e-05	0.000365229	-6.30636e-06	
84	5.61355e-05	1.15266e-05	-2.70276e-06	1.39232e-05	-1.80869e-07	
84	-3.97474e-05	-2.70276e-06	3.90491e-05	-6.66009e-05	-3.84388e-06	
84	0.000365229	1.39232e-05	-6.66009e-05	0.0169974	-0.000376251	
84	-6.30636e-06	-1.80869e-07	-3.84388e-06	-0.000376251	1.87434e-05	
85	0.000389549	6.33798e-05	-3.59374e-05	0.000222515	-2.97394e-06	
85	6.33798e-05	1.35933e-05	-2.73444e-06	1.18594e-05	4.16374e-08	
85	-3.59374e-05	-2.73444e-06	4.95722e-05	5.05205e-06	-1.13405e-05	
85	0.000222515	1.18594e-05	5.05205e-06	0.014647	-0.000365941	
85	-2.97394e-06	4.16374e-08	-1.13405e-05	-0.000365941	2.26482e-05	
86	0.00475775	0.000786021	-0.000551776	0.00814047	-0.000123252	
86	0.000786021	0.000170984	-4.3441e-05	0.000388878	-4.20384e-06	
86	-0.000551776	-4.3441e-05	0.000888308	-0.00209397	-0.000134176	
86	0.00814047	0.000388878	-0.00209397	0.0837893	-0.00210759	
86	-0.000123252	-4.20384e-06	-0.000134176	-0.00210759	0.000196131	
87	0.00115859	0.000218799	-8.58536e-05	-0.000115546	-1.31904e-05	
87	0.000218799	5.16887e-05	-1.21401e-05	-8.16971e-05	-3.12951e-06	
87	-8.58536e-05	-1.21401e-05	0.000591281	-0.0010364	0.000244771	
87	-0.000115546	-8.16971e-05	-0.0010364	0.0162391	-0.000794229	
87	-1.31904e-05	-3.12951e-06	0.000244771	-0.000794229	0.000136283	
88	0.00122141	0.000224975	-6.64719e-05	0.000519387	-9.23273e-06	
88	0.000224975	5.12e-05	-6.10732e-06	1.88997e-05	-2.75855e-07	
88	-6.64719e-05	-6.10732e-06	0.00012944	-8.14248e-05	-5.55809e-06	
88	0.000519387	1.88997e-05	-8.14248e-05	0.0179829	-0.000546986	
88	-9.23273e-06	-2.75855e-07	-5.55809e-06	-0.000546986	5.7151e-05	
89	0.00332182	0.000626662	-0.000107483	0.000251692	-3.14993e-06	
89	0.000626662	0.000137225	-1.31572e-05	5.11135e-06	2.83196e-07	
89	-0.000107483	-1.31572e-05	0.000405575	7.5424e-05	-2.48005e-05	
89	0.000251692	5.11135e-06	7.5424e-05	0.0176125	-0.000919579	
89	-3.14993e-06	2.83196e-07	-2.48005e-05	-0.000919579	0.000148747	
90	0.00382927	0.00070552	-0.00025963	0.00127763	4.84128e-06	
90	0.00070552	0.000153625	-5.17767e-05	-9.3623e-06	1.00707e-05	
90	-0.00025963	-5.17767e-05	0.00291513	0.00334152	-0.000789137	
90	0.00127763	-9.3623e-06	0.00334152	0.0314489	-0.00162084	
90	4.84128e-06	1.00707e-05	-0.000789137	-0.00162084	0.000261356	
91	0.0013161	0.000242176	-7.1896e-05	0.000180051	-4.34456e-07	
91	0.000242176	5.30564e-05	-8.22274e-06	-6.79268e-06	1.03209e-06	
91	-7.1896e-05	-8.22274e-06	0.000252204	0.000326248	-7.83186e-05	
91	0.000180051	-6.79268e-06	0.000326248	0.0144618	-0.000518741	
91	-4.34456e-07	1.03209e-06	-7.83186e-05	-0.000518741	6.421e-05	
92	0.00194551	0.000362751	-8.74596e-05	0.000169823	3.6183e-06	
92	0.000362751	7.89881e-05	-1.25572e-05	-7.79869e-06	2.32889e-06	
92	-8.74596e-05	-1.25572e-05	0.000513346	0.000755694	-0.000168064	
92	0.000169823	-7.79869e-06	0.000755694	0.0152585	-0.000672779	
92	3.6183e-06	2.32889e-06	-0.000168064	-0.000672779	9.81362e-05	
93	0.0038572	0.000700984	-0.000604539	0.00374289	3.24294e-05	
93	0.000700984	0.000155979	-9.48629e-05	0.000401118	2.24867e-05	
93	-0.000604539	-9.48629e-05	0.00478842	0.00690833	-0.00181041	
93	0.00374289	0.000401118	0.00690833	0.0581344	-0.00443804	
93	3.24294e-05	2.24867e-05	-0.00181041	-0.00443804	0.000852378	
94	0.00018153	9.2354e-06	-7.40658e-05	0.000688205	-1.2281e-05	
94	9.2354e-06	5.15862e-07	-4.82556e-06	3.94798e-05	-7.02479e-07	
94	-7.40658e-05	-4.82556e-06	6.63274e-05	-0.000332485	5.82789e-06	
94	0.000688205	3.94798e-05	-0.000332485	0.154358	-0.00307098	
94	-1.2281e-05	-7.02479e-07	5.82789e-06	-0.00307098	6.24854e-05	
95	0.000228759	2.54835e-05	-4.10536e-05	0.000787455	-1.48249e-05	
95	2.54835e-05	4.63789e-06	-2.33399e-06	3.3897e-05	-6.01196e-07	
95	-4.10536e-05	-2.33399e-06	2.4053e-05	-0.000195199	1.79348e-06	
95	0.000787455	3.3897e-05	-0.000195199	0.0189722	-0.000392595	
95	-1.48249e-05	-6.01196e-07	1.79348e-06	-0.000392595	1.28618e-05	
96	0.001651	0.000308739	-7.66472e-05	0.00050166	-8.67813e-06	
96	0.000308739	6.97074e-05	-7.62884e-06	1.75226e-05	-1.91068e-07	
96	-7.66472e-05	-7.62884e-06	0.000178877	-5.59635e-05	-1.14238e-05	
96	0.00050166	1.75226e-05	-5.59635e-05	0.0169641	-0.000592844	
96	-8.67813e-06	-1.91068e-07	-1.14238e-05	-0.000592844	7.44039e-05	
97	0.00351098	0.000510255	-0.000420421	0.00764813	-7.41473e-05	
97	0.000510255	8.6117e-05	-6.04979e-05	0.000516881	5.77794e-06	
97	-0.000420421	-6.04979e-05	0.00294387	0.00211667	-0.000669064	
97	0.00764813	0.000516881	0.00211667	0.069973	-0.00213692	
97	-7.41473e-05	5.77794e-06	-0.000669064	-0.00213692	0.000214625	
98	0.00143029	0.000251883	-0.000100303	0.00101326	-7.91619e-06	
98	0.000251883	5.40588e-05	-1.38221e-05	4.66376e-05	2.53379e-06	
98	-0.000100303	-1.38221e-05	0.000620643	0.000854949	-0.000231692	
98	0.00101326	4.66376e-05	0.000854949	0.0211547	-0.000876445	
98	-7.91619e-06	2.53379e-06	-0.000231692	-0.000876445	0.000122272	
99	0.000797123	0.000138842	-5.15844e-05	0.000179323	-5.85178e-06	
99	0.000138842	2.977e-05	-5.25028e-06	1.75814e-06	-8.7313e-07	
99	-5.15844e-05	-5.25028e-06	0.000159356	-0.000294543	5.69241e-05	
99	0.000179323	1.75814e-06	-0.000294543	0.01589	-0.000462625	
99	-5.85178e-06	-8.7313e-07	5.69241e-05	-0.000462625	4.49897e-05	
100	0.000787053	0.000134562	-5.62603e-05	0.000512501	-1.02709e-05	
100	0.000134562	2.88558e-05	-5.0497e-06	2.78634e-05	-9.29761e-07	
100	-5.62603e-05	-5.0497e-06	0.000126512	-0.000305675	4.29357e-05	
100	0.000512501	2.78634e-05	-0.000305675	0.0173426	-0.000466107	
100	-1.02709e-05	-9.29761e-07	4.29357e-05	-0.000466107	4.01021e-05	
101	0.00150116	0.000275951	-8.55984e-05	0.000147642	5.2404e-06	
101	0.000275951	6.00107e-05	-1.33555e-05	-1.54525e-05	2.99667e-06	
101	-8.55984e-05	-1.33555e-05	0.000624784	0.000971825	-0.00021858	
101	0.000147642	-1.54525e-05	0.000971825	0.0162669	-0.000732662	
101	5.2404e-06	2.99667e-06	-0.00021858	-0.000732662	0.000106668	
102	0.0125975	0.00269808	-0.000805016	-0.0155662	0.00015228	
102	0.00269808	0.000868467	-0.000200324	-0.00155364	-2.55113e-05	
102	-0.000805016	-0.000200324	0.0208078	-0.0104783	0.00462658	
102	-0.0155662	-0.00155364	-0.0104783	0.190853	-0.00674427	
102	0.00015228	-2.55113e-05	0.00462658	-0.00674427	0.00129677	
103	0.000197415	2.16655e-05	-3.64901e-05	0.000320564	-6.09717e-06	
103	2.16655e-05	3.9037e-06	-2.09609e-06	1.35991e-05	-2.52042e-07	
103	-3.64901e-05	-2.09609e-06	2.07585e-05	-8.25884e-05	1.27743e-06	
103	0.000320564	1.35991e-05	-8.25884e-05	0.0192675	-0.000387245	
103	-6.09717e-06	-2.52042e-07	1.27743e-06	-0.000387245	1.1575e-05	
104	0.0118971	0.00228254	-0.00182598	0.000332974	0.000308823	
104	0.00228254	0.000499794	-0.000529012	-8.85565e-05	0.000106579	
104	-0.00182598	-0.000529012	0.0354298	0.0351625	-0.00770571	
104	0.000332974	-8.85565e-05	0.0351625	0.0644416	-0.00850214	
104	0.000308823	0.000106579	-0.00770571	-0.00850214	0.00178283	
105	0.00312395	0.000592192	-0.000192008	0.000841642	2.11192e-05	
105	0.000592192	0.000131841	-4.24179e-05	8.52004e-05	9.84757e-06	
105	-0.000192008	-4.24179e-05	0.00262198	0.00325049	-0.00075425	
105	0.000841642	8.52004e-05	0.00325049	0.0222829	-0.00139466	
105	2.11192e-05	9.84757e-06	-0.00075425	-0.00139466	0.000255041	
106	0.00545665	0.000710258	-0.000832011	0.0158318	-0.00017474	
106	0.000710258	0.000116216	-0.000113588	0.000921327	1.00683e-05	
106	-0.000832011	-0.000113588	0.00568069	0.00373713	-0.00123429	
106	0.0158318	0.000921327	0.00373713	0.160685	-0.00444787	
106	-0.00017474	1.00683e-05	-0.00123429	-0.00444787	0.000381414	
107	0.00149008	0.000229225	-0.000133883	0.0030451	-5.86247e-05	
107	0.000229225	4.71064e-05	-9.67985e-06	0.000137782	-3.23488e-06	
107	-0.000133883	-9.67985e-06	0.000188525	-0.000969031	6.23311e-05	
107	0.0030451	0.000137782	-0.000969031	0.0394151	-0.000946304	
107	-5.86247e-05	-3.23488e-06	6.23311e-05	-0.000946304	6.38628e-05	
108	0.000627196	0.000106182	-5.09721e-05	0.000464012	-7.6208e-06	
108	0.000106182	2.30739e-05	-4.53124e-06	8.61531e-06	1.63744e-07	
108	-5.09721e-05	-4.53124e-06	0.00011369	5.48183e-05	-3.73688e-05	
108	0.000464012	8.61531e-06	5.48183e-05	0.0163489	-0.000433159	
108	-7.6208e-06	1.63744e-07	-3.73688e-05	-0.000433159	3.66763e-05	
109	0.00125359	0.000146847	-0.000209283	0.000570368	-1.94495e-05	
109	0.000146847	2.6862e-05	-1.32783e-05	4.35493e-06	-2.01012e-06	
109	-0.000209283	-1.32783e-05	0.000269723	-0.000664853	9.20607e-05	
109	0.000570368	4.35493e-06	-0.000664853	0.119005	-0.0024798	
109	-1.94495e-05	-2.01012e-06	9.20607e-05	-0.0024798	9.31547e-05	
110	0.000535005	7.9281e-05	-5.75934e-05	0.00090004	-1.74377e-05	
110	7.9281e-05	1.62595e-05	-3.94581e-06	4.193e-05	-9.65596e-07	
110	-5.75934e-05	-3.94581e-06	6.70867e-05	-0.000307037	2.20396e-05	
110	0.00090004	4.193e-05	-0.000307037	0.0238484	-0.000538871	
110	-1.74377e-05	-9.65596e-07	2.20396e-05	-0.000538871	2.82926e-05	
111	0.00043334	6.81625e-05	-4.36565e-05	0.00054517	-1.08802e-05	
111	6.81625e-05	1.41833e-05	-3.50272e-06	2.82439e-05	-8.25895e-07	
111	-4.36565e-05	-3.50272e-06	7.74969e-05	-0.000274944	3.34371e-05	
111	0.00054517	2.82439e-05	-0.000274944	0.015502	-0.00042298	
111	-1.08802e-05	-8.25895e-07	3.34371e-05	-0.00042298	3.47079e-05	
112	0.0069421	0.00135301	-0.000434882	-0.000810906	6.87648e-05	
112	0.00135301	0.000302145	-0.000117551	-0.000224621	2.43814e-05	
112	-0.000434882	-0.000117551	0.00735098	0.00794535	-0.00170231	
112	-0.000810906	-0.000224621	0.00794535	0.025118	-0.00229288	
112	6.87648e-05	2.43814e-05	-0.00170231	-0.00229288	0.000449156	
113	0.000865104	0.000152301	-5.01488e-05	3.24523e-05	-8.87069e-07	
113	0.000152301	3.30455e-05	-4.42634e-06	-3.95254e-06	-9.0248e-08	
113	-5.01488e-05	-4.42634e-06	9.25222e-05	-4.86838e-05	1.10303e-05	
113	3.24523e-05	-3.95254e-06	-4.86838e-05	0.0178036	-0.000475724	
113	-8.87069e-07	-9.0248e-08	1.10303e-05	-0.000475724	4.07405e-05	
114	0.00029414	4.46369e-05	-3.27849e-05	0.000284051	-4.63488e-06	
114	4.46369e-05	9.13284e-06	-2.36292e-06	1.09424e-05	-7.60931e-08	
114	-3.27849e-05	-2.36292e-06	3.63232e-05	-3.30271e-05	-6.51422e-06	
114	0.000284051	1.09424e-05	-3.30271e-05	0.0121169	-0.000280941	
114	-4.63488e-06	-7.60931e-08	-6.51422e-06	-0.000280941	1.58336e-05	
115	0.00282885	0.000537638	-0.000156286	-0.000133789	-2.28829e-05	
115	0.000537638	0.000120495	-3.07885e-05	-6.37203e-05	-6.88123e-06	
115	-0.000156286	-3.07885e-05	0.001789	-0.00230778	0.000525691	
115	-0.000133789	-6.37203e-05	-0.00230778	0.0180977	-0.00108249	
115	-2.28829e-05	-6.88123e-06	0.000525691	-0.00108249	0.000192949	
116	0.00434593	0.000872458	-0.000196423	0.000724296	-2.58966e-05	
116	0.000872458	0.000207195	-4.25297e-05	0.000156703	-9.05444e-06	
116	-0.000196423	-4.25297e-05	0.00239586	-0.00297382	0.000678521	
116	0.000724296	0.000156703	-0.00297382	0.0238634	-0.00139894	
116	-2.58966e-05	-9.05444e-06	0.000678521	-0.00139894	0.000252544	
117	0.00350679	0.00064482	-0.000329734	0.000990698	-5.13172e-05	
117	0.00064482	0.000139513	-6.10218e-05	7.79873e-05	-1.35602e-05	
117	-0.000329734	-6.10218e-05	0.00328135	-0.00456436	0.00093496	
117	0.000990698	7.79873e-05	-0.00456436	0.0298187	-0.00190675	
117	-5.13172e-05	-1.35602e-05	0.00093496	-0.00190675	0.00032417	
118	0.00265778	0.000501625	-0.000172765	0.000235851	-2.55718e-05	
118	0.000501625	0.000110773	-3.75567e-05	8.47563e-05	-9.93329e-06	
118	-0.000172765	-3.75567e-05	0.00217425	-0.00330787	0.000734339	
118	0.000235851	8.47563e-05	-0.00330787	0.0258406	-0.00164938	
118	-2.55718e-05	-9.93329e-06	0.000734339	-0.00164938	0.000289831	
119	0.000600123	9.83181e-05	-5.09407e-05	0.000566026	-1.1245e-05	
119	9.83181e-05	2.11677e-05	-3.86283e-06	2.02535e-05	-6.26554e-07	
119	-5.09407e-05	-3.86283e-06	7.10803e-05	-0.000207355	1.69855e-05	
119	0.000566026	2.02535e-05	-0.000207355	0.0180248	-0.000438631	
119	-1.1245e-05	-6.26554e-07	1.69855e-05	-0.000438631	2.9756e-05	
120	0.00381832	0.00071358	-0.000218366	0.000918679	1.44612e-05	
120	0.00071358	0.000155628	-4.4737e-05	4.60485e-05	9.17724e-06	
120	-0.000218366	-4.4737e-05	0.00257859	0.00304249	-0.000703073	
120	0.000918679	4.60485e-05	0.00304249	0.0233285	-0.00137221	
120	1.44612e-05	9.17724e-06	-0.000703073	-0.00137221	0.000237945	
121	0.00083724	0.000163791	-4.78089e-05	0.000170261	-2.55603e-06	
121	0.000163791	4.08471e-05	-5.01729e-06	2.46915e-05	-5.53007e-07	
121	-4.78089e-05	-5.01729e-06	0.000141746	-0.000191548	4.58667e-05	
121	0.000170261	2.46915e-05	-0.000191548	0.0135587	-0.000417981	
121	-2.55603e-06	-5.53007e-07	4.58667e-05	-0.000417981	4.85516e-05	
122	0.00103446	0.000186126	-6.8503e-05	0.000333653	2.81652e-06	
122	0.000186126	4.07927e-05	-8.95157e-06	3.10937e-05	1.9649e-06	
122	-6.8503e-05	-8.95157e-06	0.000377611	0.000626056	-0.000148838	
122	0.000333653	3.10937e-05	0.000626056	0.0165645	-0.000645004	
122	2.81652e-06	1.9649e-06	-0.000148838	-0.000645004	8.77506e-05	
123	0.00373781	0.000725565	-0.000229367	0.000385857	-3.54625e-05	
123	0.000725565	0.000162502	-5.90497e-05	0.00012853	-1.37918e-05	
123	-0.000229367	-5.90497e-05	0.00363473	-0.00455585	0.00101466	
123	0.000385857	0.00012853	-0.00455585	0.0204704	-0.00167787	
